{
  "K": 20.0,
  "T": 1.0,
  "r": 0.035,
  "sigmas": [
    0.34781732117643654,
    0.3400298308152912,
    0.261116831759997,
    0.29671056085671155,
    0.19862953095348007,
    0.2841215510186453,
    0.15867497613034234,
    0.25760805472865417,
    0.24923451905144312,
    0.28109057943564264,
    0.3191728437023547,
    0.21281765518877896,
    0.34305312144880096,
    0.2664813321061098,
    0.2573233980806068,
    0.2648084961822853,
    0.26564030368984176,
    0.29167005823873804,
    0.2875861161866097,
    0.19616959450248433,
    0.3003755942272598,
    0.3046523925352743,
    0.21810375760884299,
    0.29062584339519026,
    0.280532326092171,
    0.2751514325036637,
    0.23030939085969693,
    0.17297152400622148,
    0.2196494604524012,
    0.1688909291863392,
    0.31112447986527636,
    0.16942093865366434,
    0.2824108077408759,
    0.30685946642131057,
    0.248106195560861,
    0.2848690735028332,
    0.18744205608728326,
    0.310199679488132,
    0.3259761780817082,
    0.2515800562833922,
    0.31000229471418295,
    0.2611019920554135,
    0.16413905051572955,
    0.21535941804186667,
    0.2828805330245482,
    0.26664896948921374,
    0.2630720858065682,
    0.24576632786473365,
    0.23122094121280745,
    0.3201757968109862,
    0.16905121525548583,
    0.328255012600348,
    0.32112897202374213,
    0.18186860847728697,
    0.2508633842385293,
    0.26628798895516376,
    0.34851014791187884,
    0.25773978281396825,
    0.22264373731676132,
    0.21981534443111614,
    0.26154602051016096,
    0.30952369344155195,
    0.267333999870682,
    0.3280965062164669,
    0.15087283134815166,
    0.2939505348003841,
    0.30684491327815244,
    0.3199176153123843,
    0.29791413180496973,
    0.2187293325333451,
    0.1977000741009638,
    0.16626237139592634,
    0.29705966077589196,
    0.22268094949607498,
    0.213559194629096,
    0.2268216393331448,
    0.2552149996371737,
    0.2661653320030085,
    0.27596408578736586,
    0.33628347142205106,
    0.2054698864675772,
    0.18811778537733204,
    0.28643862537978293,
    0.2913315326213459,
    0.15081897302595917,
    0.1934573898559205,
    0.20982531636960275,
    0.24939236482164784,
    0.2708357927308183,
    0.343311326645839,
    0.20252613953677268,
    0.32656399129853253,
    0.17160424315035352,
    0.19064271117853668,
    0.2215216956003445,
    0.32310629982891326,
    0.17632171001481112,
    0.16974156506120966,
    0.3321813231551866,
    0.19164589083105435
  ],
  "rho": [
    [
      4.245887741313563,
      0.39683729425572656,
      0.3305037808876753,
      0.21065272353155332,
      0.5083265240234621,
      0.2206692711002618,
      0.28546049228879306,
      -0.09433989925797887,
      0.2622431144263014,
      0.18880072222126043,
      0.06921574731360863,
      0.2107780830728936,
      0.38358123311124304,
      0.323554437041348,
      0.3982371206908927,
      0.1999569019089688,
      0.27847303853201594,
      0.013870937944760242,
      0.45947256389482216,
      0.2870425174030115,
      0.20961244185296748,
      0.2855190991480364,
      0.010465528339891561,
      -0.03454483869423797,
      0.07132990511453119,
      0.532735167641616,
      0.1446943285390116,
      0.1980639983387023,
      -0.09171508282798702,
      0.06259806721864714,
      -0.05938214136695957,
      -0.15197460361192822,
      0.06420292834204111,
      -0.1493159115764381,
      0.23803253974257346,
      0.5406093284094295,
      -0.05303730785128452,
      0.23659261924482383,
      0.34062269609763063,
      0.17533254191045075,
      0.3866440785545009,
      0.19707440681925653,
      0.11642629530673132,
      0.322150428480627,
      0.0941768330510952,
      0.39573705340721355,
      -0.039062857450351485,
      0.09159618450332091,
      0.3222127326043487,
      -0.12876369216468947,
      0.015367025974459714,
      0.13097197387590784,
      0.2638443918541242,
      -0.2223556203617012,
      0.14747032796795717,
      0.2800186685673207,
      0.4865015154555167,
      0.12969585393901764,
      -0.010573347815365175,
      -0.005486429044194829,
      0.04597976758382494,
      0.16684270290496056,
      0.2567630735872956,
      -0.031100276922937986,
      0.3814360992024223,
      -0.14044829910710677,
      -0.032563578628665824,
      0.2534154296726725,
      0.4174443403377086,
      -0.1822676583252315,
      0.2291545320332365,
      -0.06788716576479459,
      0.5284798380044765,
      0.3970826272041217,
      0.07343422310090547,
      -0.08974550604816006,
      0.13661189519276556,
      0.197107823864857,
      0.3403352622054318,
      0.1306581268209879,
      0.2730921723182026,
      0.1757786436008988,
      -0.06344604662197978,
      0.30339232654109194,
      0.2646014560817989,
      0.13155055577486008,
      0.472209997648938,
      0.18880300821770626,
      0.4432742766831311,
      0.2298246553874415,
      0.3297437143023355,
      0.17649915601507157,
      0.12120519060005586,
      0.26686683493940877,
      0.2672097792539381,
      0.4398428419461912,
      -0.11426131406825257,
      0.02525425821713806,
      0.05252076988679427,
      0.31580433831911003
    ],
    [
      0.39683729425572656,
      4.245887741313563,
      0.40220686352608104,
      -0.04795355270056356,
      0.25361007166698,
      0.3531299929665429,
      0.18778949646450502,
      0.2787083707312915,
      0.4472281719755876,
      0.6475795735049732,
      0.18819198673614182,
      -0.013683525518857098,
      0.26914409042170634,
      0.06473871217046256,
      0.43334008580506367,
      0.15459251451311973,
      0.20363612435495318,
      -0.0753278114911547,
      0.16684813303136492,
      0.31776457695210186,
      -0.12264726302771756,
      0.0799535883177373,
      0.36586705109513273,
      -0.22170726390647805,
      0.49095140922154346,
      -0.07449082217871617,
      0.3239689585424609,
      -0.04600113413748347,
      0.025716960980137704,
      0.1089232450101493,
      0.024052990006189934,
      0.10884930602376774,
      -0.05769469462027049,
      0.110866049327354,
      -0.26516157728312656,
      0.0007488920241274788,
      0.18359004999690076,
      0.4043231842634174,
      0.5612237041730821,
      0.3216486611907121,
      0.3133231229259916,
      0.6075382983468061,
      0.24246164017294095,
      0.10307543690295817,
      0.39409615951465127,
      0.4351076090882431,
      0.3960922983205051,
      -0.25064607033685643,
      0.2447526360887448,
      -0.07705992761360436,
      0.3975420915228356,
      0.2624122863519447,
      0.09498885421639158,
      0.14958687422283468,
      0.1613470260338346,
      0.35897920894464075,
      0.6438106514715392,
      -0.1884575590425503,
      0.3078147995451531,
      0.3561728753892731,
      0.467250513312654,
      0.20191273912330268,
      0.5409801441459747,
      -0.05273362760385819,
      -0.05316363922207473,
      -0.07524141502965664,
      0.5522949837717231,
      0.33141391630964906,
      0.0725678605331791,
      0.23101027790766931,
      0.14242606202115826,
      0.03169201091000923,
      0.37163468737594774,
      0.005215387166353835,
      0.03190341584860984,
      0.10853901264354757,
      0.25520432323954717,
      0.2405063522018407,
      0.41169833625171887,
      0.3825775925217958,
      0.12837429282330676,
      0.06387375532357453,
      0.11307684288094944,
      0.456065720641425,
      0.230956580861353,
      0.3744130832065704,
      0.15480642919264753,
      -0.12261260272993374,
      0.13867087890205487,
      -0.19346394304632203,
      0.5008708750990961,
      0.048497376431551775,
      0.43905143134935243,
      0.09173952846027494,
      0.4159637328751171,
      0.34335940735746684,
      0.30399653391254866,
      0.1327143755924476,
      -0.06828281666553665,
      0.024042180486237852
    ],
    [
      0.3305037808876753,
      0.40220686352608104,
      4.245887741313563,
      0.14371429070357228,
      0.16207012747751348,
      0.10043164448571801,
      0.26449891771938827,
      0.21909000222249014,
      0.25890406679838296,
      -0.11744980877235195,
      -0.05365231493017719,
      0.532297259222639,
      0.3329930314239191,
      0.4026884374823071,
      0.2150292397392314,
      0.03946816885504506,
      0.40249606365058505,
      0.286825285198834,
      0.13213086573270455,
      0.17702494114582343,
      0.35654721119863764,
      0.10244861084288609,
      0.5930994376895571,
      0.26460297434181823,
      0.28839275430411193,
      -0.10726222859789691,
      0.31328117580011616,
      0.1370944315558177,
      0.20952955955518288,
      0.29578831707083864,
      0.22782035753789337,
      0.3863131769164615,
      0.2474767755430755,
      0.6255485007864622,
      0.041650562565929194,
      0.17916356904051106,
      -0.051771893789808676,
      0.0016641914220273946,
      0.5238877615350268,
      -0.16183092544565747,
      0.14417504096675615,
      0.3519717400777423,
      0.2324007043570732,
      0.21351897284073373,
      0.07903770691930212,
      0.3579774449431797,
      0.2974904495068742,
      -0.030185768656615375,
      0.2668514559109104,
      0.21029334309666167,
      0.48702122696207495,
      0.17393846343189556,
      0.562417055378513,
      0.2591131593433953,
      0.48615466996810275,
      0.4707617701893162,
      0.40983050138296073,
      -0.21654644105945597,
      0.18014210077079285,
      0.06489959335422696,
      0.2950685399323248,
      0.20733935333740794,
      -0.05924483731056973,
      -0.05995157410510271,
      0.2845143997725744,
      0.18839878220997844,
      -0.05726135812798594,
      0.022023818307439935,
      0.05504696800033909,
      -0.05339253113981096,
      0.231477040811778,
      0.5061273675758698,
      0.24508119102242382,
      0.4389217685911728,
      0.20275201159296233,
      0.2250823001540575,
      0.49248445172247834,
      0.3041424461519987,
      -0.03639503306986619,
      0.10430605611432126,
      -0.14285373783392374,
      0.13604443112458553,
      0.12659720812554753,
      -0.052964925243510874,
      -0.1395110169086729,
      0.029227796163378617,
      0.21597925520259517,
      0.31510261619024826,
      0.3314033405337098,
      0.14798812783853144,
      0.3223144260308518,
      0.3534549194704254,
      0.4708716753144657,
      0.11825753544751832,
      0.40018904306710423,
      -0.08721223590242416,
      0.46970632881012153,
      0.4711668717945099,
      0.10651649415152042,
      0.20426966286227352
    ],
    [
      0.21065272353155332,
      -0.04795355270056356,
      0.14371429070357228,
      4.245887741313563,
      -0.030401960365325664,
      0.21176108828951132,
      0.19245539346076332,
      0.3161543945461396,
      0.2477965232028874,
      -0.15328775860110105,
      0.31130883741544413,
      0.2493966366186817,
      0.22612013637638542,
      0.1638014435114215,
      0.22610635973624,
      0.2649114450824641,
      0.10443942498758557,
      0.04616905786018838,
      0.250067157495232,
      0.3250171189578047,
      0.19631719798691935,
      0.19957864689658641,
      0.13115358181623876,
      -0.1593560724400031,
      0.3456125984965095,
      0.18461594931301153,
      0.5180671924154091,
      -0.12364726683710231,
      0.5479862472912813,
      0.27863204057394736,
      0.3739863636987478,
      0.2344730444711349,
      0.17144071237421668,
      -0.03867963093159821,
      0.12105341308709383,
      -0.029167470437372167,
      -0.06158006660676718,
      0.2864696111336321,
      0.4524799289060595,
      0.10966744701540693,
      0.04477442122713293,
      -0.21745155382923442,
      0.10616597387299725,
      -0.06819782779189942,
      0.27986167977646875,
      0.22357806930411414,
      0.17107611921699584,
      0.04920855848392869,
      -0.028395842950212413,
      -0.037133728089778606,
      0.08227511005851124,
      0.30541847759811874,
      0.3583246819867983,
      0.32673531313518334,
      0.31465647581050665,
      0.4038472484121539,
      0.4111548427006959,
      0.35776724434449625,
      0.199643358462319,
      0.5180404542598216,
      0.0360103663525943,
      0.22125799611258556,
      0.10689549486052197,
      0.32067424181513016,
      0.018965355272297757,
      -0.07805254311141097,
      0.22955175022579766,
      0.2288225065655286,
      0.34624519773122586,
      0.13110062272732043,
      0.17991409421282983,
      -0.1641393053370206,
      0.35126077115371956,
      0.19227232773940384,
      0.03386603657338011,
      0.3952262977528803,
      0.4388634050389909,
      -0.19303298304056093,
      -0.15866018965896644,
      0.3425178432544339,
      0.06982782344895871,
      0.24424509249287701,
      0.1525809575885383,
      0.506920075493344,
      0.3762845903202594,
      0.133750881885757,
      0.17201151743377474,
      0.3406771331963998,
      0.15850340329001797,
      0.225722448936463,
      0.277331870816361,
      0.1654274911304876,
      0.0830874672350696,
      0.1856898424159346,
      0.20536662312605825,
      0.6236169766723154,
      -0.13891229518680154,
      -0.11511893073331664,
      -0.1798747623912158,
      0.27344623118691136
    ],
    [
      0.5083265240234621,
      0.25361007166698,
      0.16207012747751348,
      -0.030401960365325664,
      4.245887741313563,
      0.2663738559030989,
      0.23105917375536972,
      0.25694696416489116,
      -0.0846876891648155,
      0.2922949420558028,
      0.49134463228226966,
      0.0022581660612140952,
      0.3132930915390829,
      0.2853063452424349,
      0.297162450914545,
      0.07983101747146515,
      0.05599236913623762,
      0.5079544721273113,
      0.2470390514807611,
      0.3331038421320088,
      -0.07273211402939439,
      0.16887144065034865,
      0.2065368414768236,
      0.6086143474534185,
      -0.15099171369705922,
      0.07809769871052996,
      0.08699551277345274,
      0.02020365625091819,
      0.23428372389674715,
      0.4951150941417597,
      0.007559996793269186,
      -0.09725999495134396,
      0.37866011220283124,
      0.21289090199456073,
      0.502685599832752,
      0.19272510444978846,
      -0.08974467434548661,
      0.3693623717743001,
      0.4120491050094287,
      0.17682983333487923,
      0.2752118087204548,
      0.5052350798923513,
      0.6393281149403509,
      0.38008228208986855,
      0.32649704477457675,
      0.3689438729155951,
      -0.18039141636904205,
      0.06985645142883751,
      0.11151364028529448,
      0.19983102288524832,
      0.032914242725714804,
      0.1458683466801976,
      0.12422758718148996,
      0.07496602762630739,
      0.16842087398165217,
      0.5520893078574605,
      0.4265378488612306,
      0.4709765046081207,
      0.4984938153765416,
      -0.05591133621596772,
      -0.19905014321658376,
      0.22527768521133482,
      0.09938914976585922,
      0.37014897783151435,
      0.18138348731529752,
      0.5934315624122855,
      0.13900592749762056,
      0.3920212555815975,
      0.5401884683094562,
      0.12156599246783756,
      0.44298110046170025,
      0.18490875107545138,
      0.6302034281066631,
      0.2864465522332513,
      0.5156030963243212,
      -0.045191586256499106,
      0.5276984381117265,
      0.5398953656257339,
      0.1333834548796442,
      0.05673686297364405,
      0.23528252314983336,
      0.001016841676974578,
      0.4211605172650259,
      0.05735668868750887,
      0.4955035344820371,
      0.27459802268924327,
      0.0047138393140343515,
      -0.04510229124038295,
      0.5110356081551533,
      0.16048206631194178,
      0.18533995439301648,
      0.4949882322734588,
      0.47000878765556664,
      0.502665555639276,
      0.39241170134657066,
      0.025190806877081307,
      -0.17448992248570494,
      0.38325662889699086,
      0.23161464835629747,
      0.34489854916093704
    ],
    [
      0.2206692711002618,
      0.3531299929665429,
      0.10043164448571801,
      0.21176108828951132,
      0.2663738559030989,
      4.245887741313563,
      0.1865258568544023,
      -0.10245297164902728,
      0.4072240631273053,
      -0.2289308075367253,
      0.2336164648485557,
      0.2872673603609849,
      0.23929935996895996,
      0.0713141694185298,
      0.4387042088596397,
      -0.014508539745450355,
      -0.13521918594804838,
      0.20790282681835526,
      0.41285583759011946,
      0.07875776233923787,
      0.20217007942148557,
      0.3626482912595398,
      -0.09549326575150807,
      0.22933633696538477,
      -0.018063033967825826,
      0.3632339259295293,
      0.19813197045531242,
      0.5952583731049114,
      0.36520186784448583,
      0.1511332464643299,
      -0.08006674589836899,
      0.18537389212161104,
      0.43910575661706763,
      -0.049155670704639554,
      0.23200212475297208,
      0.23932681412277493,
      0.06731189609896543,
      -0.1795038887843583,
      -0.041958876364682485,
      0.2544656584490849,
      0.14143827390924535,
      -0.09945516591237519,
      0.2077700536531728,
      0.1047464106389443,
      -0.15029287874138175,
      -0.1487939446628475,
      0.3403922723954078,
      0.6304875868091477,
      0.26437018561730496,
      0.16246119332804598,
      0.23074080391867863,
      0.08633101622552924,
      0.3316464243258317,
      0.4947533018479505,
      0.19965620430587658,
      0.13889264392587033,
      -0.11244300269270374,
      0.10997762625873986,
      -0.05654484192817727,
      0.028150837756119262,
      0.5816961365230012,
      0.4850904869138095,
      0.1433025547238807,
      0.12487885347779037,
      0.4231141930106269,
      0.13335640092274528,
      0.002881326887286373,
      0.07503067982788825,
      0.5235318007282035,
      0.07872811029430604,
      0.14860335586467707,
      0.5017349580588635,
      0.1425344254739005,
      0.5547674732624391,
      0.38636948575228913,
      0.2891659614562304,
      0.11010733396150596,
      0.20513099253830533,
      0.03379090658704759,
      -0.016661084616119815,
      0.49161915443400883,
      0.19418126327416158,
      0.48887011928049373,
      0.0833273765911361,
      0.39953976371244726,
      0.015048200561220915,
      0.03759224287253421,
      0.16843543553470292,
      -0.022786861854944718,
      0.15212242461096426,
      0.6587509599555668,
      0.4509415245512307,
      0.5519313275955394,
      0.13174783851247668,
      0.4811191721069611,
      0.10600648244481503,
      0.42460918128162994,
      0.4389630503707861,
      0.23861115225486476,
      0.5578626081328208
    ],
    [
      0.28546049228879306,
      0.18778949646450502,
      0.26449891771938827,
      0.19245539346076332,
      0.23105917375536972,
      0.1865258568544023,
      4.245887741313563,
      0.1617870524929073,
      -0.08151268076987833,
      0.44051176377146983,
      0.26257700323308236,
      -0.03509066836902375,
      0.24876230946352892,
      0.0813851634048331,
      0.32369235526492934,
      0.41456866475079757,
      0.22682800715992005,
      0.10672345450488452,
      0.5054908035679712,
      -0.28754119340119766,
      0.08474683856840615,
      0.493290746383905,
      -0.028476286642489246,
      0.40907725273461093,
      0.23711141562726065,
      0.630589157397267,
      0.6878711429338695,
      -0.228984494731774,
      -0.12898415745926756,
      0.0033141920747361553,
      0.07240686947812164,
      0.23472456738306668,
      0.4125176749148794,
      0.44805014146507216,
      0.2638191043836393,
      -0.054855766679071494,
      0.24541695893022247,
      0.25392824254678525,
      -0.19052940997300216,
      0.5173954541015495,
      0.4678285652658627,
      0.06875964136493201,
      0.11684132764848665,
      0.04520463131709346,
      0.16064278493677298,
      0.27099736344299347,
      0.3967054533441938,
      0.06140746184611462,
      0.11672826782694198,
      0.04462726072787049,
      0.06744882447153344,
      0.3159127792023849,
      0.0570873786268149,
      -0.11754540424582971,
      -0.1335578613671503,
      0.25828219307179906,
      -0.003371002110204746,
      0.16672912357609354,
      0.06793506120952292,
      -0.012442122090491947,
      -0.12401280523761443,
      0.11706023104671232,
      0.1163952296221959,
      -0.03591193542436816,
      0.1604811188168016,
      -0.09356463557890832,
      -0.17151614363987072,
      0.345875543120685,
      0.5913443012639339,
      0.19574836651089808,
      0.17409994607758567,
      0.5507421644724634,
      -0.007782132646354911,
      0.10747923827611888,
      0.6435831768152849,
      0.2397610033295733,
      0.2814561155377452,
      0.13478313842874323,
      -0.18799375310973665,
      -0.02157472455746029,
      0.38747910312313905,
      0.21409079070522258,
      0.09259273117898814,
      0.13769634841881412,
      0.531220605227694,
      -0.068369951058872,
      0.10418007003395763,
      0.34809311068928217,
      0.203685685289954,
      0.2726816672250437,
      0.15220063097601733,
      0.25481413453735746,
      0.18568827669829022,
      -0.1648331222439276,
      0.23740217677006759,
      -0.04749126016781541,
      0.3059509895892424,
      0.2098688195709911,
      0.3192315430901089,
      0.21738233550066371
    ],
    [
      -0.09433989925797887,
      0.2787083707312915,
      0.21909000222249014,
      0.3161543945461396,
      0.25694696416489116,
      -0.10245297164902728,
      0.1617870524929073,
      4.245887741313563,
      -0.0950035880249695,
      0.20099111767307867,
      0.319392068520651,
      -0.09631972920086607,
      0.08752371259703973,
      -0.11676265229625443,
      0.4720352783124929,
      0.2602879837861838,
      -0.025248847692567133,
      -0.047167210961173656,
      0.11504670105113363,
      0.1202135271609927,
      0.5436040604576033,
      0.2534930044948792,
      0.39471619379799294,
      0.33526534007495934,
      0.33934688572825356,
      0.3027824181329173,
      0.24034964551877255,
      0.08996101384213778,
      0.21843186147280405,
      -0.18133144869065382,
      0.2749173284074664,
      0.16046078136603287,
      -0.11453185760068352,
      0.22477934488870502,
      0.46205953445898396,
      0.059238275697182374,
      0.5444101084397276,
      -0.07822751222178465,
      0.06042232595235969,
      -0.1182700355269618,
      0.4484429252819638,
      0.36818873645356887,
      0.2399624616476499,
      0.0487925944222401,
      0.03776376978856699,
      0.02504312354808952,
      -0.23447934035747003,
      0.47960107055341117,
      0.22914740534964578,
      0.31572661779932687,
      0.596004672373919,
      0.07217004531346549,
      0.5540136437993827,
      0.029601533612949538,
      0.5200709238404831,
      0.41754669582154763,
      0.32158826634331406,
      0.21678937434200687,
      0.009034868962882026,
      0.19780719389559406,
      0.14264973693066424,
      0.4696572316216775,
      0.3647695462907755,
      -0.013503222455068964,
      0.18833883391679157,
      -0.06278003993827802,
      0.09186194443604045,
      0.34791781406525973,
      0.09044937846661866,
      -0.05286636544472262,
      0.40959900235666646,
      0.4532467847456052,
      -0.22445753288421155,
      0.20145192868408843,
      0.23739183495920915,
      -0.10625742459741638,
      -0.021981213109086406,
      0.18642092514769332,
      -0.004305411079979005,
      0.6176765253036489,
      0.1782873618896202,
      0.3448673594986892,
      0.11040998158428339,
      0.12627104733722086,
      0.48618174443440276,
      0.2815732524865464,
      0.25448514055188903,
      0.5423430052618743,
      0.12230954640730565,
      0.1333154771015206,
      0.1949469339776425,
      -0.02267885007101683,
      0.30365757906413016,
      -0.017989362606623427,
      0.12348321673999396,
      0.5691707124001045,
      -0.006877838694962279,
      0.057079967354977224,
      0.5018802058522991,
      0.5174614059612455
    ],
    [
      0.2622431144263014,
      0.4472281719755876,
      0.25890406679838296,
      0.2477965232028874,
      -0.0846876891648155,
      0.4072240631273053,
      -0.08151268076987833,
      -0.0950035880249695,
      4.245887741313563,
      0.0621178691655252,
      0.6268609289096178,
      0.07007619159612832,
      0.024515207866544653,
      0.17926283670982313,
      0.1486029434873382,
      -0.059374752671008835,
      -0.23375646427046132,
      0.2602047885152527,
      0.18938234513072755,
      0.18587844286809352,
      -0.011259450067746035,
      0.14080950045878005,
      0.43470981352544774,
      0.384892844386323,
      0.516651039359107,
      0.4208180159989202,
      0.575330239688521,
      0.2884553032777881,
      -0.16679874808701034,
      0.5228197574142888,
      0.40820810894601034,
      0.2194854881550722,
      -0.11212747402969703,
      0.29853407620199157,
      0.30403506142066355,
      0.48552915456409873,
      0.33199260382246687,
      0.43836515626055206,
      0.20940629497903174,
      0.07530032666402137,
      0.05555933754887632,
      -0.030115897690806304,
      0.5274673798894811,
      0.552753736904202,
      0.2343347668109023,
      0.3089049319307134,
      0.16154311350717843,
      -0.006589637007505811,
      0.32987321416621923,
      0.3363998884837788,
      0.16355430178793284,
      0.6093546796258454,
      0.2779586260734135,
      0.31120588885615125,
      0.038108280660776706,
      0.3820361329123082,
      0.22451414804408482,
      0.37307426571449254,
      -0.25807794239643156,
      0.4747852719775698,
      0.15886924259860197,
      0.49260149768861217,
      0.18277861529736508,
      0.09969594072707033,
      0.3722902331426368,
      0.30941344357721723,
      0.1546029163406675,
      0.33943684670602337,
      0.16101619762451833,
      -0.05907670502302137,
      0.39215717596560473,
      0.5343476940313774,
      0.22251822929694715,
      0.11119116517641964,
      0.09632625042885445,
      0.24846096387513894,
      0.05710218927976807,
      0.5676887143039789,
      0.2617758930844193,
      -0.017156192720478858,
      0.3380778807863626,
      0.18895568271496355,
      -0.045530582391811736,
      0.30768637400091264,
      -0.022284920302729827,
      0.429709955127782,
      0.18014385805181432,
      0.16462599274466988,
      0.05857222408599666,
      0.2834159360727766,
      0.2184665008210751,
      0.06816042315028725,
      0.32300158249156774,
      0.2727834861694154,
      0.3483294812811554,
      0.2286779089431274,
      -0.012562351615591327,
      0.17215157781583676,
      0.11734804599533205,
      0.31281097429564186
    ],
    [
      0.18880072222126043,
      0.6475795735049732,
      -0.11744980877235195,
      -0.15328775860110105,
      0.2922949420558028,
      -0.2289308075367253,
      0.44051176377146983,
      0.20099111767307867,
      0.0621178691655252,
      4.245887741313563,
      0.15446942946206998,
      0.08984013659630352,
      0.1680856146426463,
      -0.0446653898112096,
      0.24268964354538303,
      0.17239139039593226,
      0.04096182391120029,
      -0.044522093682292985,
      0.4029325532981619,
      0.04745077051417945,
      0.25031520029945614,
      0.42062978577082505,
      0.17926883178536687,
      0.3042862459564384,
      -0.06658315513975555,
      -0.02980854187105536,
      0.34170299911573054,
      0.08369085051684766,
      -0.19984731613537354,
      0.30522354912563265,
      0.3917002668990094,
      0.061858373151407464,
      -0.07124360821498665,
      -0.17452176358874272,
      -0.21764776226703647,
      -0.17277379363030193,
      0.1508528590838255,
      0.25864880117862826,
      0.10950131550741715,
      0.2666637077748645,
      0.5754033603605143,
      0.3391678717780078,
      0.1938964825743104,
      -0.05596345809437442,
      0.3432932274055126,
      -0.043508736067186415,
      0.21534195860203303,
      -0.0707262210062588,
      0.31254820267639627,
      0.20652914017521262,
      0.07303200553485806,
      0.20793018792389917,
      0.36577784312440387,
      0.3855789867928314,
      0.2929864697043625,
      0.49180100756715395,
      0.02104255476863237,
      0.3295653265247825,
      0.16706262479776393,
      0.08627204887787365,
      0.2957193282070784,
      0.03448345424085969,
      0.12850876616940568,
      0.11574938395682394,
      -0.06549166942197737,
      0.5746145906531692,
      -0.15178492788048642,
      0.14957356398381483,
      0.1575372585859931,
      -0.008486933329657886,
      -0.051704499558380135,
      0.1907536523492913,
      0.3451247582660185,
      0.48226527377021333,
      -0.09719215452813496,
      0.26112084670335434,
      0.6033756653028193,
      0.3477751549029805,
      -0.011757428353117938,
      -0.25176290052235484,
      0.22638151964963865,
      -0.01611449166453338,
      0.06889759498417053,
      0.2761555423883473,
      0.2824458975278659,
      0.39446358279104293,
      0.2554811877399352,
      0.09428944917549348,
      0.5454331977457315,
      0.4910975561018899,
      0.32205171717163716,
      0.08052787857629262,
      0.14217629791679637,
      0.06684624742487538,
      0.267296737364544,
      0.002245377115522751,
      0.474856016058333,
      0.32187704732003286,
      0.25810235269848675,
      -0.1947833042492012
    ],
    [
      0.06921574731360863,
      0.18819198673614182,
      -0.05365231493017719,
      0.31130883741544413,
      0.49134463228226966,
      0.2336164648485557,
      0.26257700323308236,
      0.319392068520651,
      0.6268609289096178,
      0.15446942946206998,
      4.245887741313563,
      -0.14135203090410858,
      -0.06041649800210941,
      0.32281026215872544,
      0.12329464154664535,
      0.40437518262282235,
      0.18282624380140078,
      0.20770955656709922,
      0.16922437890330017,
      -0.11664089627011703,
      0.047888450865657683,
      0.28033774709508885,
      0.0033448711868453995,
      0.10413374667829212,
      0.4919342711235063,
      0.4185135623502094,
      -0.025427035956813393,
      0.3827807458948141,
      0.18465066169005948,
      -0.031505201384488035,
      0.28174315760376734,
      0.49661794747385035,
      0.05119727292150433,
      0.11305346476784711,
      -0.10283760413402243,
      0.12110442859019283,
      -0.04700033301791695,
      0.2993740798895056,
      0.1716321592386819,
      0.2747546347516252,
      0.23023402115017091,
      0.22945251330262198,
      0.1251324084042737,
      0.45516087224204904,
      0.04005539042415479,
      -0.012656332609915,
      0.12404802131502862,
      0.14631124268185192,
      0.12016959129603003,
      0.12358246934325501,
      -0.2715016402242565,
      0.3413163771794159,
      -0.18915311103585775,
      0.5218975626631592,
      0.11478730554431785,
      0.07746796422499852,
      0.09025927148935431,
      0.5416167234659157,
      0.34494053473785735,
      0.06783123890046949,
      0.3140710854123433,
      0.2279558561088166,
      0.15128461056188003,
      -0.025031582859650958,
      -0.13877021777744014,
      0.3222048189342612,
      0.28029406095598886,
      0.21182939579433194,
      -0.05103344345588334,
      0.3189452046568323,
      -0.07042167707506497,
      0.22439381186238289,
      0.15487951307698739,
      0.15331165463608945,
      0.5569660484344137,
      0.11515038571662695,
      0.2689208166128567,
      -0.07480003077817565,
      0.2173166411349434,
      0.5212083343706763,
      0.28573759123615433,
      0.21646980535598284,
      0.2415720475374221,
      0.10508734194507385,
      0.22742066035617223,
      0.07861766887868776,
      -0.016625443704689602,
      0.24388502826816175,
      0.1781353743257924,
      -0.17687011614845094,
      0.10376912438334285,
      0.09364826459457348,
      0.062461341136772375,
      0.5140345159592913,
      -0.08811195730570598,
      0.2766238285462984,
      0.05961613690762646,
      -0.09373011893558009,
      0.4921201984481248,
      0.5227259382667051
    ],
    [
      0.2107780830728936,
      -0.013683525518857098,
      0.532297259222639,
      0.2493966366186817,
      0.0022581660612140952,
      0.2872673603609849,
      -0.03509066836902375,
      -0.09631972920086607,
      0.07007619159612832,
      0.08984013659630352,
      -0.14135203090410858,
      4.245887741313563,
      0.1635509601076562,
      0.5448814407070984,
      0.011660930255521507,
      0.5227288799488842,
      -0.04580475504343989,
      0.025478431635382937,
      0.28498882418264326,
      0.15794168094461564,
      0.31144446611639837,
      0.04633183024560916,
      -0.033064142862588464,
      -0.1950044923756838,
      0.13388855746815015,
      -0.047473838727326356,
      0.26572411707230464,
      0.4275403792962741,
      0.4904120737393334,
      0.45667192870388584,
      0.10756187562140163,
      0.1385487597967423,
      0.20041846683060316,
      0.3158112971265703,
      0.11439482345597063,
      0.40873736363707297,
      0.2788957358640309,
      0.07068201784541439,
      -0.03414465334912209,
      0.23546729804647015,
      -0.05524539653156063,
      -0.1304191869309424,
      0.6074044162860205,
      0.08234483477716553,
      0.12329593575876291,
      0.18314576868232546,
      -0.05443787323050531,
      0.014679255698060889,
      0.20728943078783138,
      0.16397343737153075,
      0.17074041518577387,
      -0.1116609039994807,
      0.46772266025561726,
      0.09186223205150623,
      0.1910357558064883,
      0.2789817502694033,
      0.48133362662385504,
      0.5389342262811001,
      0.046602596381603634,
      0.21644612447093545,
      0.1320970913830269,
      0.3238690567423655,
      0.18643199424321166,
      0.41745374257368295,
      0.35717821281371204,
      0.3611989855042692,
      0.042500956321388006,
      0.30908074492975035,
      0.1451862190816064,
      -0.004851903164139637,
      -0.031100597983609646,
      0.4715325323814311,
      0.09729413806592474,
      0.0734710354204498,
      -0.06178703591336643,
      0.00888632464092537,
      0.46299580534464635,
      0.1009071909104885,
      -0.15281629055342527,
      -0.006006450988675915,
      0.2841615448780219,
      -0.24324006352326272,
      0.32642487276966814,
      0.18890078100918567,
      0.24184852001390106,
      0.011840065679122824,
      -0.01711562851605536,
      0.20561383899734267,
      0.3647343979315081,
      -0.1237391317368382,
      0.1872062791747161,
      0.27957163134508545,
      0.16072751601984137,
      0.1938341078840462,
      0.004980277736150729,
      -0.12396988314407315,
      0.11680914722011015,
      0.3191755380616131,
      0.05539606689695792,
      0.2871117707096059
    ],
    [
      0.38358123311124304,
      0.26914409042170634,
      0.3329930314239191,
      0.22612013637638542,
      0.3132930915390829,
      0.23929935996895996,
      0.24876230946352892,
      0.08752371259703973,
      0.024515207866544653,
      0.1680856146426463,
      -0.06041649800210941,
      0.1635509601076562,
      4.245887741313563,
      0.41439941587237517,
      0.3248629348312999,
      0.6161226701350336,
      0.3281207795405208,
      -0.13568174463980875,
      0.27217455728401646,
      0.5727956366734546,
      0.4550405169879276,
      -0.12069476126462708,
      0.1857550101479414,
      0.02862333904403397,
      0.5128752791194335,
      -0.009469179656397764,
      0.29176294578187467,
      -0.04598974969101577,
      0.3814271718590052,
      0.04624386690882537,
      0.39036182859024016,
      -0.03557034791517155,
      0.16100425617617192,
      0.23354292570606905,
      0.05683440693404457,
      0.5453009588582947,
      0.6487595120658564,
      0.04598975268101152,
      0.008619937556666735,
      0.5054052708562687,
      0.24834509660725948,
      0.5649411639437029,
      -0.08963556982750648,
      0.06260361025966077,
      0.544019814713713,
      0.11166493095903712,
      -0.012448939915425339,
      -0.13957553702746717,
      0.3602257449738644,
      -0.047952668697232914,
      0.5331462405123888,
      0.12600175732113583,
      0.37444004264464636,
      -0.05490857256825055,
      0.05260992940125098,
      0.16748058286341572,
      -0.05971779574943631,
      0.17046468426607206,
      0.23341804589561788,
      0.12353594176427479,
      0.25861148934851863,
      0.20490084854981822,
      0.07147015817114138,
      0.3548551970202223,
      0.10428943120187195,
      -0.11982982037838985,
      0.06324379798279745,
      0.32199580923346227,
      0.20928964858746918,
      0.18097211056257065,
      0.2831560420627503,
      0.4331237372305671,
      -0.07155942208814853,
      -0.09153249729245949,
      0.3485662592361195,
      0.2959371685627436,
      0.3035017610966295,
      0.09628952729007717,
      0.3972718299884743,
      0.0954735532488532,
      0.6808271168102809,
      0.04567802060371173,
      0.14999058951393016,
      0.17373695205758713,
      0.16898621720710755,
      0.565484463261241,
      0.3880240982115068,
      0.1279707728720852,
      -0.020529145906335255,
      0.4964831065115535,
      0.3331916769156361,
      0.3985988897645816,
      -0.17170907717358402,
      0.1462974984055324,
      0.21063274550223915,
      0.012429492749518878,
      0.003277191604170726,
      0.28231246444478053,
      0.07841184976658994,
      0.46363882320119887
    ],
    [
      0.323554437041348,
      0.06473871217046256,
      0.4026884374823071,
      0.1638014435114215,
      0.2853063452424349,
      0.0713141694185298,
      0.0813851634048331,
      -0.11676265229625443,
      0.17926283670982313,
      -0.0446653898112096,
      0.32281026215872544,
      0.5448814407070984,
      0.41439941587237517,
      4.245887741313563,
      0.15612768118461265,
      0.17918687932731453,
      -0.014945838493269137,
      -0.0839315985702252,
      0.13561066638764932,
      0.365188962513333,
      -0.18662206122107616,
      -0.036447133577796,
      0.5746520077466071,
      0.30936256809063933,
      0.39924566254144533,
      -0.021007240781618253,
      0.1958827455333332,
      0.38087489804745506,
      0.14034723412305308,
      0.14104045917615243,
      -0.024280063860599777,
      0.198309862127652,
      0.2833789801974672,
      -0.026018893859895476,
      0.40076054862065214,
      0.4602501218095222,
      0.5033120304931358,
      0.27147561095572303,
      0.25847703878969097,
      0.19385351613232144,
      0.024293498544877945,
      0.5180562297193204,
      0.12023214566184864,
      0.17867255069192517,
      0.24914492192956247,
      0.14091022368020245,
      -0.14519291748602947,
      0.10783366475360112,
      -0.12925139020220466,
      0.11977093235211167,
      0.5013550402888859,
      -0.045090024243618965,
      0.265070437603677,
      0.21939056531863912,
      0.4121195271914962,
      -0.1884393115630767,
      0.46426830616689607,
      -0.06654884749646617,
      0.005125378903995115,
      0.5283765952524108,
      0.25091028133804133,
      -0.04583496410373622,
      0.3079730834411215,
      0.0255975861973457,
      0.20399546544812924,
      0.10360106839036559,
      -0.22572697247974716,
      0.0028189028210917066,
      0.13837319937795725,
      0.3776414727193901,
      0.1790286816338596,
      0.018087482210832617,
      0.2142563479900004,
      0.10454429626705647,
      -0.14541489465034274,
      -0.1056639280901801,
      0.41509629768676654,
      0.12391466477126542,
      0.32964145270860473,
      -0.07180469851401677,
      0.38484337478072894,
      0.44272235634870194,
      0.6419854307657719,
      0.6441615903134225,
      0.5000185714605172,
      0.5468781554625732,
      0.3135481520128709,
      0.47530566185133993,
      -0.05309185885439416,
