{
  "K": 20.0,
  "T": 1.0,
  "r": 0.035,
  "sigmas": [
    0.21754542319190215,
    0.19908086629848065,
    0.2922220532414661,
    0.19560947366571052,
    0.29372828561095415,
    0.26673915442642276,
    0.2081739362868394,
    0.2748622112234,
    0.34125869450091273,
    0.3256431804017686,
    0.20938932126630264,
    0.21656560318723206,
    0.26846164144562756,
    0.342298102540631,
    0.28140206939825463,
    0.18631500699505654,
    0.28271952051863525,
    0.31864864210034255,
    0.19400896629165695,
    0.2813633912155894,
    0.199639638251534,
    0.2419472333416655,
    0.1704369559320278,
    0.23421189335704273,
    0.1961335534467598,
    0.29892216909111946,
    0.3458616454126456,
    0.214704136982934,
    0.2031231000264772,
    0.3015553572733535
  ],
  "rho": [
    [
      1.949039679330002,
      0.20035939743184433,
      0.36969147917556683,
      -0.08183855762496323,
      0.41873994523965685,
      0.4981057620408369,
      0.2969738978297623,
      0.2436792442970565,
      0.12547178170151102,
      0.3880798057879037,
      0.16398989198826827,
      0.04122698104501643,
      0.045684418926336956,
      0.03372929190867807,
      0.08921749806072415,
      0.4838001465496834,
      0.08287589993961347,
      0.19452368358079603,
      0.5381674533366343,
      -0.17655964143382713,
      -0.06369172278086382,
      0.5706541799729329,
      0.011149610061596205,
      0.5996416831799664,
      0.16347648731155953,
      0.06162869350201061,
      0.23745754493408536,
      0.11887741261498785,
      -0.007298587524563305,
      0.3010867731217596
    ],
    [
      0.20035939743184433,
      1.949039679330002,
      0.29012274749862366,
      -0.05076230050230279,
      0.21098950410973633,
      0.3733444023768647,
      0.030862361274098637,
      0.08284404921895644,
      0.1681622561613831,
      -0.09231970026605951,
      0.4093154380270987,
      0.2000906339227405,
      -0.17146410091984765,
      0.6461445665114631,
      0.08313102597885214,
      0.35716115070415333,
      -0.16479813072579347,
      0.3108570733106105,
      0.18402921888053514,
      -0.09113680403806812,
      0.09965971716638106,
      0.0036462305448412002,
      0.2172272531827291,
      0.2152062180334066,
      0.21918157729097779,
      0.15183635669351842,
      -0.01589999202100495,
      -0.07058828549339485,
      0.14600203453323823,
      0.21213702123796588
    ],
    [
      0.36969147917556683,
      0.29012274749862366,
      1.949039679330002,
      0.0703975485449157,
      0.17613079011134364,
      0.3399740611676334,
      0.2721732792916635,
      0.20454212962261975,
      0.4431566666917235,
      0.5804038870807458,
      -0.06589083866402679,
      0.2810238617447286,
      0.16815324082040436,
      0.44646004680498697,
      0.6123755544373868,
      0.22881678045392792,
      0.07801161085416791,
      0.18956619662455748,
      0.5588671466740345,
      0.38060613764436557,
      0.22950894995718626,
      0.25972013660914844,
      0.1410509045819115,
      -0.08650425576029452,
      0.1595379251522908,
      0.40896887208601806,
      0.00789666750122725,
      0.21283109690236593,
      0.47395229668439487,
      0.21144213246255678
    ],
    [
      -0.08183855762496323,
      -0.05076230050230279,
      0.0703975485449157,
      1.949039679330002,
      0.23070235169633196,
      0.44937181003817195,
      0.14466112483982574,
      0.42248283061457514,
      -0.0550989689664928,
      0.05663006122705283,
      -0.14928309748611746,
      0.5087263247737198,
      -0.2775770779872124,
      -0.18594920206603377,
      0.09146338124994818,
      0.4189383609416,
      0.6276955127144878,
      0.4540651798654387,
      0.0895503687236387,
      0.5535401302465764,
      -0.05016867709335743,
      0.14734506928329522,
      0.2285565578204007,
      0.29721692848536185,
      0.6541419273964869,
      0.5409125308962026,
      0.13797245297173333,
      -0.1080385710321426,
      0.3005457063277708,
      0.07367699207485778
    ],
    [
      0.41873994523965685,
      0.21098950410973633,
      0.17613079011134364,
      0.23070235169633196,
      1.949039679330002,
      0.021173888104914884,
      0.10924410594222989,
      0.04285006145204229,
      0.25130638851244946,
      0.42465169058416236,
      0.5147373811494264,
      0.5955698748494421,
      -0.02315525566391785,
      0.38955508943823053,
      0.22072019439230406,
      0.4173467017717736,
      0.3249814408426225,
      0.5562852687909982,
      0.34738990299311817,
      0.10177508355940196,
      -0.02816868867403305,
      -0.035507868332687764,
      0.31480675953550363,
      0.3467990248275846,
      0.2082516063387281,
      -0.03262670378769428,
      0.041348603121261485,
      0.023015475628351156,
      0.3194975937731173,
      -0.16183675234881917
    ],
    [
      0.4981057620408369,
      0.3733444023768647,
      0.3399740611676334,
      0.44937181003817195,
      0.021173888104914884,
      1.949039679330002,
      0.07523590183131512,
      0.34572561750780345,
      0.0894733838675667,
      0.0799656020095042,
      0.5063105070440808,
      0.06249453063657623,
      0.5261486829893555,
      0.17686851019176086,
      0.29771478028564025,
      0.3037903472646124,
      0.17404100121436503,
      0.40718236685526277,
      0.5693738348096569,
      0.2593788502867495,
      -0.14007908549939596,
      0.024646889285977414,
      0.41334239281504537,
      -0.14234555324335713,
      0.5364298847612947,
      0.21525120765834743,
      -0.10565482859654579,
      -0.12755320039745843,
      0.35427340575525895,
      0.14425942931194147
    ],
    [
      0.2969738978297623,
      0.030862361274098637,
      0.2721732792916635,
      0.14466112483982574,
      0.10924410594222989,
      0.07523590183131512,
      1.949039679330002,
      0.30669371561677583,
      0.07059627835964555,
      0.160066366961784,
      0.15844259547967948,
      -0.06044013362838635,
      0.3246421089022875,
      0.2275007746663638,
      0.15104406378164742,
      0.5523264464638917,
      0.12276843137125765,
      0.2689352589317119,
      0.5490129480874507,
      0.3303450495461909,
      0.4594011606248072,
      0.10935246979559704,
      -0.06721915535943151,
      0.31647669556086244,
      0.13469369222093625,
      0.08786237781778528,
      -0.14875404653510294,
      0.4868567053658651,
      0.08945120172906068,
      -0.05534657574290641
    ],
    [
      0.2436792442970565,
      0.08284404921895644,
      0.20454212962261975,
      0.42248283061457514,
      0.04285006145204229,
      0.34572561750780345,
      0.30669371561677583,
      1.949039679330002,
      -0.015830488912786655,
      0.20700505975861072,
      0.5155886484213522,
      0.18555341127605818,
      0.07481410751932155,
      0.1979369251327881,
      0.19504145717430818,
      0.37235572498714015,
      -0.12759104130886373,
      0.3488602762116857,
      -0.06163038442944563,
      -0.04321197738355187,
      0.35030577236813915,
      0.3385966537855831,
      0.24083627307828118,
      0.12402457011859913,
      0.20451447950011817,
      0.04797835938889522,
      0.5329795640990908,
      0.6347565950823508,
      0.48638505775745966,
      -0.03862367759701324
    ],
    [
      0.12547178170151102,
      0.1681622561613831,
      0.4431566666917235,
      -0.0550989689664928,
      0.25130638851244946,
      0.0894733838675667,
      0.07059627835964555,
      -0.015830488912786655,
      1.949039679330002,
      -0.017362979564326253,
      -0.08542712353090942,
      -0.1163560308319826,
      0.4474368645975083,
      0.10669406811022697,
      -0.04083947369459545,
      0.5262490019500128,
      0.443698849056134,
      0.26896268338043167,
      0.2967406456144978,
      -0.16007105334455174,
      0.053008257750190635,
      -0.14170219702809206,
      -0.017996017368116457,
      0.34158693200145285,
      0.07426321374674238,
      0.10485656246736191,
      0.2243882184688665,
      0.21343419153843932,
      0.16541611446764967,
      -0.209191110231002
    ],
    [
      0.3880798057879037,
      -0.09231970026605951,
      0.5804038870807458,
      0.05663006122705283,
      0.42465169058416236,
      0.0799656020095042,
      0.160066366961784,
      0.20700505975861072,
      -0.017362979564326253,
      1.949039679330002,
      -0.024616125461202176,
      0.23035888532697052,
      0.1603378686737641,
      0.35953083320593693,
      -0.019876874680476442,
      0.1714969398036277,
      0.021988496975966276,
      0.33522197552924127,
      0.1571720549195576,
      0.08162479737347045,
      0.3163443302736729,
      0.2619119314737003,
      0.2514688752024338,
      -0.17387677705033994,
      0.11806645309203162,
      0.2645644713060531,
      0.36506316470400857,
      0.36130462593251955,
      0.22196064664327342,
      0.44082469711109673
    ],
    [
      0.16398989198826827,
      0.4093154380270987,
      -0.06589083866402679,
      -0.14928309748611746,
      0.5147373811494264,
      0.5063105070440808,
      0.15844259547967948,
      0.5155886484213522,
      -0.08542712353090942,
      -0.024616125461202176,
      1.949039679330002,
      0.456708251743125,
      0.22773737130589097,
      0.5058940322762385,
      0.14646178841119464,
      0.09559975024938655,
      0.1683106674839409,
      0.1348267323459929,
      0.32324393271373364,
      0.009053331683662458,
      0.04088766367967234,
      0.49552701198261084,
      0.13371651062498752,
      0.12793665289062212,
      0.3144392978546455,
      0.07350019733339513,
      0.05725176202920451,
      0.3229229867784421,
      0.1978099991096084,
      -0.05800254822732276
    ],
    [
      0.04122698104501643,
      0.2000906339227405,
      0.2810238617447286,
      0.5087263247737198,
      0.5955698748494421,
      0.06249453063657623,
      -0.06044013362838635,
      0.18555341127605818,
      -0.1163560308319826,
      0.23035888532697052,
      0.456708251743125,
      1.949039679330002,
      0.049185881884109384,
      0.1057189534359399,
      0.1506720031510135,
      0.17558757546660383,
      0.2729130569933028,
      0.5783049989018072,
      0.20928774931300845,
      0.19618336277021803,
      -0.01472299970710006,
      0.017959420054941222,
      0.16445378850433245,
      0.07687988419561131,
      0.0742066039318311,
      0.3096948897076849,
      0.1811127849812827,
      0.23946166635628088,
      -0.024800019918509664,
      0.2131920435549447
    ],
    [
      0.045684418926336956,
      -0.17146410091984765,
      0.16815324082040436,
      -0.2775770779872124,
      -0.02315525566391785,
      0.5261486829893555,
      0.3246421089022875,
      0.07481410751932155,
      0.4474368645975083,
      0.1603378686737641,
      0.22773737130589097,
      0.049185881884109384,
      1.949039679330002,
      0.46660143744685123,
      -0.02936496772724656,
      0.445424375198632,
      0.3563895106753357,
      0.22889728340479948,
      0.21099246787026843,
      0.31610605512649254,
      0.27001440631346363,
      -0.07598990732189115,
      0.44434284532400703,
      0.5616440163916185,
      -0.05552358154835396,
      -0.010099759572479938,
      -0.18057540585004866,
      -0.09590237622942371,
      0.5407357387394137,
      -0.06491736074646798
    ],
    [
      0.03372929190867807,
      0.6461445665114631,
      0.44646004680498697,
      -0.18594920206603377,
      0.38955508943823053,
      0.17686851019176086,
      0.2275007746663638,
      0.1979369251327881,
      0.10669406811022697,
      0.35953083320593693,
      0.5058940322762385,
      0.1057189534359399,
      0.46660143744685123,
      1.949039679330002,
      0.5248301164540138,
      0.5232210567382002,
      0.33154831835718496,
      -0.18468478592913767,
      0.494852535050492,
      0.23625356865202105,
      0.22212727087449285,
      0.40387548561818754,
      0.4267427252658602,
      0.5641992885665514,
      0.14725676028041856,
      0.26930718141120336,
      0.3633931005631414,
      0.3203815333261054,
      0.2667199981162318,
      0.2957077580296147
    ],
    [
      0.08921749806072415,
      0.08313102597885214,
      0.6123755544373868,
      0.09146338124994818,
      0.22072019439230406,
      0.29771478028564025,
      0.15104406378164742,
      0.19504145717430818,
      -0.04083947369459545,
      -0.019876874680476442,
      0.14646178841119464,
      0.1506720031510135,
      -0.02936496772724656,
      0.5248301164540138,
      1.949039679330002,
      0.6384484670726844,
      0.38071936393272454,
      0.03869988470955216,
      -0.1922279795104163,
      0.36130837886413625,
      0.44827314781213046,
      -0.06247415211811419,
      0.14688262767087132,
      0.13827511429741876,
      -0.06486698482637682,
      0.31156434159194757,
      0.18663897589691694,
      -0.011278694528788435,
      0.11729246854140735,
      0.3356481377536786
    ],
    [
      0.4838001465496834,
      0.35716115070415333,
      0.22881678045392792,
      0.4189383609416,
      0.4173467017717736,
      0.3037903472646124,
      0.5523264464638917,
      0.37235572498714015,
      0.5262490019500128,
      0.1714969398036277,
      0.09559975024938655,
      0.17558757546660383,
      0.445424375198632,
      0.5232210567382002,
      0.6384484670726844,
      1.949039679330002,
      0.43321988800182454,
      0.13620760468386822,
      0.4579398252478214,
      0.13778372855256527,
      0.21676064895718744,
      0.1877236183386934,
      0.4920634680967436,
      0.5310474986466812,
      0.12562185247810642,
      0.16866786875518064,
      0.3962870330503053,
      0.48042902250925734,
      0.4105331174988429,
      0.47937193091436514
    ],
    [
      0.08287589993961347,
      -0.16479813072579347,
      0.07801161085416791,
      0.6276955127144878,
      0.3249814408426225,
      0.17404100121436503,
      0.12276843137125765,
      -0.12759104130886373,
      0.443698849056134,
      0.021988496975966276,
      0.1683106674839409,
      0.2729130569933028,
      0.3563895106753357,
      0.33154831835718496,
      0.38071936393272454,
      0.43321988800182454,
      1.949039679330002,
      0.3153660415809466,
      0.10213566965290899,
      0.23317582844427717,
      -0.04102265754307299,
      0.1125315329191669,
      0.27554696372524073,
      0.32820311427495363,
      0.15118292707634418,
      0.16117157155480727,
      0.18332066847836503,
      0.5075606144080976,
      -0.08127806529435888,
      0.37396868862741006
    ],
    [
      0.19452368358079603,
      0.3108570733106105,
      0.18956619662455748,
      0.4540651798654387,
      0.5562852687909982,
      0.40718236685526277,
      0.2689352589317119,
      0.3488602762116857,
      0.26896268338043167,
      0.33522197552924127,
      0.1348267323459929,
      0.5783049989018072,
      0.22889728340479948,
      -0.18468478592913767,
      0.03869988470955216,
      0.13620760468386822,
      0.3153660415809466,
      1.949039679330002,
      0.15768088392498017,
      0.422656732947305,
      0.47847603482592904,
      -0.023795651710794397,
      0.15724171609760526,
      0.395787891472302,
      0.3930359134541384,
      0.23445648753116624,
      0.09769922100956124,
      0.3657721625830461,
      0.2870899905635842,
      0.5053305572847825
    ],
    [
      0.5381674533366343,
      0.18402921888053514,
      0.5588671466740345,
      0.0895503687236387,
      0.34738990299311817,
      0.5693738348096569,
      0.5490129480874507,
      -0.06163038442944563,
      0.2967406456144978,
      0.1571720549195576,
      0.32324393271373364,
      0.20928774931300845,
      0.21099246787026843,
      0.494852535050492,
      -0.1922279795104163,
      0.4579398252478214,
      0.10213566965290899,
      0.15768088392498017,
      1.949039679330002,
      -0.2796208893740936,
      0.27115329196480475,
      0.4268838323788411,
      0.1335273615470598,
      0.5674632109164478,
      0.5788439041694103,
      -0.18809532816586355,
      -0.225503832828791,
      -0.009575453309101256,
      -0.18166618980987703,
      0.32092165790164107
    ],
    [
      -0.17655964143382713,
      -0.09113680403806812,
      0.38060613764436557,
      0.5535401302465764,
      0.10177508355940196,
      0.2593788502867495,
      0.3303450495461909,
      -0.04321197738355187,
      -0.16007105334455174,
      0.08162479737347045,
      0.009053331683662458,
      0.19618336277021803,
      0.31610605512649254,
      0.23625356865202105,
      0.36130837886413625,
      0.13778372855256527,
      0.23317582844427717,
      0.422656732947305,
      -0.2796208893740936,
      1.949039679330002,
      0.21772625481157876,
      0.05252285409871216,
      0.40400595618094415,
      0.2804050568556009,
      -0.1643239481236804,
      0.28741882164540766,
      0.44831846502666417,
      0.13522451581766282,
      0.3958314714938739,
      0.6657417869061968
    ],
    [
      -0.06369172278086382,
      0.09965971716638106,
      0.22950894995718626,
      -0.05016867709335743,
      -0.02816868867403305,
      -0.14007908549939596,
      0.4594011606248072,
      0.35030577236813915,
      0.053008257750190635,
      0.3163443302736729,
      0.04088766367967234,
      -0.01472299970710006,
      0.27001440631346363,
      0.22212727087449285,
      0.44827314781213046,
      0.21676064895718744,
      -0.04102265754307299,
      0.47847603482592904,
      0.27115329196480475,
      0.21772625481157876,
      1.949039679330002,
      0.19046002395804296,
      0.36075347315005807,
      0.013380641031529972,
      0.28098302218031834,
      0.19020171915586453,
      0.13221134060054351,
      0.0801947378982506,
      0.008196116878784188,
      0.1976016216602465
    ],
    [
      0.5706541799729329,
      0.0036462305448412002,
      0.25972013660914844,
      0.14734506928329522,
      -0.035507868332687764,
      0.024646889285977414,
      0.10935246979559704,
      0.3385966537855831,
      -0.14170219702809206,
      0.2619119314737003,
      0.49552701198261084,
      0.017959420054941222,
      -0.07598990732189115,
      0.40387548561818754,
      -0.06247415211811419,
      0.1877236183386934,
      0.1125315329191669,
      -0.023795651710794397,
      0.4268838323788411,
      0.05252285409871216,
      0.19046002395804296,
      1.949039679330002,
      0.5208084091259325,
      0.17500071472698076,
      0.05954981484544286,
      0.09374414258864755,
      0.2541759965086182,
      0.2623947746166,
      0.19842008840003317,
      -0.03637792875654067
    ],
    [
      0.011149610061596205,
      0.2172272531827291,
      0.1410509045819115,
      0.2285565578204007,
      0.31480675953550363,
      0.41334239281504537,
      -0.06721915535943151,
      0.24083627307828118,
      -0.017996017368116457,
      0.2514688752024338,
      0.13371651062498752,
      0.16445378850433245,
      0.44434284532400703,
      0.4267427252658602,
      0.14688262767087132,
      0.4920634680967436,
      0.27554696372524073,
      0.15724171609760526,
      0.1335273615470598,
      0.40400595618094415,
      0.36075347315005807,
      0.5208084091259325,
      1.949039679330002,
      0.15561965148160006,
      -0.028307125383195242,
      0.5094170979322536,
      0.13172123609445868,
      0.06832471257646777,
      -0.026743836363825768,
      0.0973715090855024
    ],
    [
      0.5996416831799664,
      0.2152062180334066,
      -0.08650425576029452,
      0.29721692848536185,
      0.3467990248275846,
      -0.14234555324335713,
      0.31647669556086244,
      0.12402457011859913,
      0.34158693200145285,
      -0.17387677705033994,
      0.12793665289062212,
      0.07687988419561131,
      0.5616440163916185,
      0.5641992885665514,
      0.13827511429741876,
      0.5310474986466812,
      0.32820311427495363,
      0.395787891472302,
      0.5674632109164478,
      0.2804050568556009,
      0.013380641031529972,
      0.17500071472698076,
      0.15561965148160006,
      1.949039679330002,
      0.384003812820792,
      0.33476749246272064,
      0.14873578757164246,
      0.3315487736766074,
      0.16559412396009462,
      0.27514463621129703
    ],
    [
      0.16347648731155953,
      0.21918157729097779,
      0.1595379251522908,
      0.6541419273964869,
      0.2082516063387281,
      0.5364298847612947,
      0.13469369222093625,
      0.20451447950011817,
      0.07426321374674238,
      0.11806645309203162,
      0.3144392978546455,
      0.0742066039318311,
      -0.05552358154835396,
      0.14725676028041856,
      -0.06486698482637682,
      0.12562185247810642,
      0.15118292707634418,
      0.3930359134541384,
      0.5788439041694103,
      -0.1643239481236804,
      0.28098302218031834,
      0.05954981484544286,
      -0.028307125383195242,
      0.384003812820792,
      1.949039679330002,
      0.15011199865042035,
      0.6015825292462973,
      0.2751981544563077,
      -0.0801079183538469,
      -0.03614653891991931
    ],
    [
      0.06162869350201061,
      0.15183635669351842,
      0.40896887208601806,
      0.5409125308962026,
      -0.03262670378769428,
      0.21525120765834743,
      0.08786237781778528,
      0.04797835938889522,
      0.10485656246736191,
      0.2645644713060531,
      0.07350019733339513,
      0.3096948897076849,
      -0.010099759572479938,
      0.26930718141120336,
      0.31156434159194757,
      0.16866786875518064,
      0.16117157155480727,
      0.23445648753116624,
      -0.18809532816586355,
      0.28741882164540766,
      0.19020171915586453,
      0.09374414258864755,
      0.5094170979322536,
      0.33476749246272064,
      0.15011199865042035,
      1.949039679330002,
      0.1243253247320775,
      0.40885215888026105,
      0.5479582859530979,
      0.519805745332287
    ],
    [
      0.23745754493408536,
      -0.01589999202100495,
      0.00789666750122725,
      0.13797245297173333,
      0.041348603121261485,
      -0.10565482859654579,
      -0.14875404653510294,
      0.5329795640990908,
      0.2243882184688665,
      0.36506316470400857,
      0.05725176202920451,
      0.1811127849812827,
      -0.18057540585004866,
      0.3633931005631414,
      0.18663897589691694,
      0.3962870330503053,
      0.18332066847836503,
      0.09769922100956124,
      -0.225503832828791,
      0.44831846502666417,
      0.13221134060054351,
      0.2541759965086182,
      0.13172123609445868,
      0.14873578757164246,
      0.6015825292462973,
      0.1243253247320775,
      1.949039679330002,
      0.5445752413267312,
      0.6066897933626685,
      0.4621092192009142
    ],
    [
      0.11887741261498785,
      -0.07058828549339485,
      0.21283109690236593,
      -0.1080385710321426,
      0.023015475628351156,
      -0.12755320039745843,
      0.4868567053658651,
      0.6347565950823508,
      0.21343419153843932,
      0.36130462593251955,
      0.3229229867784421,
      0.23946166635628088,
      -0.09590237622942371,
      0.3203815333261054,
      -0.011278694528788435,
      0.48042902250925734,
      0.5075606144080976,
      0.3657721625830461,
      -0.009575453309101256,
      0.13522451581766282,
      0.0801947378982506,
      0.2623947746166,
      0.06832471257646777,
      0.3315487736766074,
      0.2751981544563077,
      0.40885215888026105,
      0.5445752413267312,
      1.949039679330002,
      0.21491266449605345,
      0.24474375426628606
    ],
    [
      -0.007298587524563305,
      0.14600203453323823,
      0.47395229668439487,
      0.3005457063277708,
      0.3194975937731173,
      0.35427340575525895,
      0.08945120172906068,
      0.48638505775745966,
      0.16541611446764967,
      0.22196064664327342,
      0.1978099991096084,
      -0.024800019918509664,
      0.5407357387394137,
      0.2667199981162318,
      0.11729246854140735,
      0.4105331174988429,
      -0.08127806529435888,
      0.2870899905635842,
      -0.18166618980987703,
      0.3958314714938739,
      0.008196116878784188,
      0.19842008840003317,
      -0.026743836363825768,
      0.16559412396009462,
      -0.0801079183538469,
      0.5479582859530979,
      0.6066897933626685,
      0.21491266449605345,
      1.949039679330002,
      0.3237097838407933
    ],
    [
      0.3010867731217596,
      0.21213702123796588,
      0.21144213246255678,
      0.07367699207485778,
      -0.16183675234881917,
      0.14425942931194147,
      -0.05534657574290641,
      -0.03862367759701324,
      -0.209191110231002,
      0.44082469711109673,
      -0.05800254822732276,
      0.2131920435549447,
      -0.06491736074646798,
      0.2957077580296147,
      0.3356481377536786,
      0.47937193091436514,
      0.37396868862741006,
      0.5053305572847825,
      0.32092165790164107,
      0.6657417869061968,
      0.1976016216602465,
      -0.03637792875654067,
      0.0973715090855024,
      0.27514463621129703,
      -0.03614653891991931,
      0.519805745332287,
      0.4621092192009142,
      0.24474375426628606,
      0.3237097838407933,
      1.949039679330002
    ]
  ],
  "N_data": 100,
  "S0": [
    23.266666582073327,
    15.82018796777385,
    19.71203515803038,
    18.046071981524566,
    20.001396035050846,
    30.914624609274085,
    21.530171503614532,
    19.44118371540975,
    28.519203597677688,
    17.10672880786053,
    31.66912702178038,
    15.660552170000779,
    22.05111395819206,
    18.917405986143095,
    19.555403318746563,
    32.67586383240838,
    28.53686619851564,
    15.776005527188135,
    31.229662353936007,
    21.945619360834762,
    17.983671244930882,
    15.663017170673479,
    22.870863556288022,
    25.313512563152557,
    34.2401388079639,
    34.651961054873496,
    17.691190240592437,
    30.067651274949437,
    21.566311569662172,
    29.54371128334598
  ],
  "noise_variance": 0.1
}