{
  "K": 20.0,
  "T": 1.0,
  "r": 0.035,
  "sigmas": [
    0.18806341709062135,
    0.19258508555137765,
    0.22092458795648418,
    0.2708296415042573,
    0.2797535190044148,
    0.2493367864339215,
    0.33997253882169287,
    0.3262150525755078,
    0.29432001964921334,
    0.2259300152229493,
    0.16127516060038363,
    0.16812493715775534,
    0.3431521597780494,
    0.18826440217627746,
    0.174644899948216,
    0.26460634374834846,
    0.2499692996301664,
    0.2605230710575597,
    0.19036146133759882,
    0.24924772047944144,
    0.17235775617974072,
    0.1615233732172228,
    0.26956269957804313,
    0.1963823336129028,
    0.16123081847805726,
    0.15141305206730943,
    0.2012337890032585,
    0.3383256176018281,
    0.23533620809534866,
    0.1686176967017389
  ],
  "rho": [
    [
      2.107263286019334,
      0.17597078839643604,
      0.20639837226949237,
      -0.08006256924747551,
      -0.04092175439647755,
      0.2766192394019605,
      0.3917710688525093,
      0.4781775370018819,
      0.2205261308943415,
      0.08292693682518382,
      -0.016782555730814996,
      0.2127106859077343,
      0.12295708576849654,
      0.360359105235268,
      0.5440840310084806,
      0.1904655511855286,
      0.039913312414218916,
      0.15478950193916963,
      0.024773644221672053,
      0.11644803547861543,
      0.2473865349027025,
      0.6300845670289276,
      0.25293559508954744,
      0.5269345596728192,
      0.0752391449414605,
      0.3995819308260308,
      0.015221359962939163,
      0.10387862868655989,
      0.3231569888077863,
      0.11072493071679396
    ],
    [
      0.17597078839643604,
      2.107263286019334,
      0.15293049343261367,
      0.08677228195816217,
      0.23617960846343888,
      0.01526562512884394,
      0.3727105878255198,
      0.01234905308959583,
      -0.10718038815245506,
      0.17106421067818137,
      0.06314348506551415,
      -0.16170447549328953,
      0.21335196573931575,
      0.29145748755043743,
      0.10008997173726142,
      0.26421822872678913,
      0.06268209206692393,
      -0.1317297812145578,
      0.3384004574364524,
      -0.012061454461597232,
      0.4366170419847184,
      0.5151748399186231,
      -0.10602688252115405,
      0.3992541259467651,
      0.1546730666224941,
      0.02804245774537334,
      0.0936653827817196,
      0.0043997925744472255,
      0.19246058051605044,
      0.036822995016947135
    ],
    [
      0.20639837226949237,
      0.15293049343261367,
      2.107263286019334,
      0.3326177863540407,
      0.11901467574752841,
      0.3384435256069933,
      0.16527910766517181,
      0.4294192320417207,
      0.4078176474631481,
      0.2459480347544473,
      -0.13154420260881344,
      0.38015295050114917,
      0.22987164396712512,
      0.13972000211417573,
      0.2262281830286862,
      0.16591807181342658,
      0.1902447623552603,
      0.14024767028886592,
      0.5776857435175493,
      0.5669699133010143,
      -0.03847127620217844,
      0.2342292455052118,
      0.353926515392627,
      0.23217936470926256,
      0.21347584234466582,
      -0.08488679825795464,
      0.48851037321563195,
      0.5806166509803105,
      0.31189241353082975,
      0.2418467823542023
    ],
    [
      -0.08006256924747551,
      0.08677228195816217,
      0.3326177863540407,
      2.107263286019334,
      -0.10423573880544645,
      0.5385404676468523,
      0.07697029449485743,
      0.12142414766526982,
      -0.10229883075265167,
      0.21412861525999444,
      0.0812381509334133,
      0.15719374905594657,
      -0.01872080250666397,
      -0.033766797858203856,
      0.1470637663472218,
      0.13882569712194665,
      0.02704569979960536,
      0.3878249292963418,
      0.42445938144048667,
      0.02502490111425998,
      -0.135624732540073,
      0.29226153134660604,
      0.23561732168779564,
      0.5482281692477555,
      0.052926773558896134,
      0.018492323965715596,
      -0.18043323245185727,
      0.4432496052624507,
      0.390607250175965,
      0.10893387884486161
    ],
    [
      -0.04092175439647755,
      0.23617960846343888,
      0.11901467574752841,
      -0.10423573880544645,
      2.107263286019334,
      -0.1974603663718914,
      -0.20769142336750812,
      -0.006134237860504876,
      0.12065535787558163,
      0.29298525054044694,
      0.17041195346854618,
      -0.00838658501117484,
      0.13459556147636265,
      0.49873576722387525,
      0.5299277128706983,
      0.35137708992231487,
      0.37263410936465624,
      -0.15653954979151252,
      0.3556708246876825,
      -0.12921831098058806,
      0.1703131533069632,
      -0.09518676795495107,
      0.24896787999633407,
      0.3299283368018552,
      0.4455762421095808,
      0.3995048292976706,
      0.020917021822248083,
      0.32328829363388023,
      0.33543167909922245,
      0.03823829638299886
    ],
    [
      0.2766192394019605,
      0.01526562512884394,
      0.3384435256069933,
      0.5385404676468523,
      -0.1974603663718914,
      2.107263286019334,
      -0.0033334868698720044,
      0.25053709201513363,
      0.3256664844788502,
      0.1404739268616297,
      0.2847854091910083,
      0.3049003332863918,
      0.4836869851222736,
      0.43825533086205964,
      0.17248797066767946,
      0.35378446552120413,
      0.5738742231395624,
      -0.017090214218209,
      0.09400779303847323,
      0.2411995866309596,
      0.4484615621271695,
      0.0370130074322228,
      0.1266189012889311,
      -0.1495276288355728,
      0.5966370802122379,
      -0.15545290983287302,
      -0.06596240192286307,
      0.25443164260491047,
      0.035042225351186784,
      0.2581107729479089
    ],
    [
      0.3917710688525093,
      0.3727105878255198,
      0.16527910766517181,
      0.07697029449485743,
      -0.20769142336750812,
      -0.0033334868698720044,
      2.107263286019334,
      0.1860501372084923,
      -0.05093864096157319,
      0.6570056247549259,
      0.2502078611191906,
      0.28490218168485015,
      0.038762697141436264,
      0.03958839551679422,
      0.39921540341821316,
      0.028310110188635995,
      -0.03544019883634508,
      0.19770017323158082,
      0.37699703990965894,
      -0.03827403659783235,
      0.2785432147908566,
      -0.06112166980460737,
      0.3146385975175072,
      -0.003939747836279206,
      0.09309642483683511,
      0.21359320180603933,
      0.30879022490448305,
      0.32040418424856965,
      0.27844877543762714,
      0.5143626754054091
    ],
    [
      0.4781775370018819,
      0.01234905308959583,
      0.4294192320417207,
      0.12142414766526982,
      -0.006134237860504876,
      0.25053709201513363,
      0.1860501372084923,
      2.107263286019334,
      0.01404135142567442,
      0.06349255082881705,
      -0.028307707775855173,
      0.40517352990589095,
      0.45590987300831187,
      0.18755388723603575,
      0.2271981294989454,
      0.4387783763611479,
      0.48991093277376174,
      0.5666305276741588,
      0.01774886642823098,
      -0.2432234356314273,
      0.2994044493185341,
      0.1057161097546056,
      0.3403691193625305,
      0.3032226386268939,
      0.47777942419469066,
      0.14131962732426473,
      0.380363907386555,
      0.20072675870008605,
      0.10627157003817433,
      0.12986779782234772
    ],
    [
      0.2205261308943415,
      -0.10718038815245506,
      0.4078176474631481,
      -0.10229883075265167,
      0.12065535787558163,
      0.3256664844788502,
      -0.05093864096157319,
      0.01404135142567442,
      2.107263286019334,
      0.04591262417677211,
      0.015287530194643295,
      0.13236766747424739,
      0.1431773548110331,
      -0.01738097043638609,
      0.47258168900297004,
      -0.0771548645470097,
      -0.03631326108429983,
      -0.01589279023337542,
      0.005858297571811499,
      0.6435262142623863,
      -0.02794631070450515,
      0.057862278123711586,
      0.6432052992582372,
      -0.13942351915224627,
      0.01230862356857132,
      0.06889268121627368,
      0.2460958973068789,
      0.042481665493223464,
      0.13106655872678058,
      0.17248277201310308
    ],
    [
      0.08292693682518382,
      0.17106421067818137,
      0.2459480347544473,
      0.21412861525999444,
      0.29298525054044694,
      0.1404739268616297,
      0.6570056247549259,
      0.06349255082881705,
      0.04591262417677211,
      2.107263286019334,
      0.46165777233360494,
      0.059955023796067985,
      0.22427591290463825,
      -0.20725950149421446,
      0.306543236539246,
      0.06343905893173124,
      -0.11282621570924728,
      -0.06661305333777862,
      -0.13432190327144422,
      -0.019606152460412918,
      -0.22662793602123676,
      0.41650167929343285,
      0.3681076852237066,
      0.550917464262945,
      0.4002592250817063,
      -0.23536645913114418,
      0.11174573854959469,
      -0.05363929310259491,
      0.10844022147087379,
      0.43790215985488434
    ],
    [
      -0.016782555730814996,
      0.06314348506551415,
      -0.13154420260881344,
      0.0812381509334133,
      0.17041195346854618,
      0.2847854091910083,
      0.2502078611191906,
      -0.028307707775855173,
      0.015287530194643295,
      0.46165777233360494,
      2.107263286019334,
      0.09606590605530535,
      0.24538388630308,
      0.13240654882552216,
      0.21764067559833325,
      0.3455159343159454,
      -0.04692218202469878,
      0.37169316729716656,
      0.030123341632648515,
      0.1371227964056507,
      0.0505466137239991,
      -0.17958615351697432,
      0.27375361775551643,
      -0.029791126157721504,
      0.558713689542427,
      0.1870012789524237,
      0.10551442629876823,
      0.4200734056716946,
      0.3764280651897881,
      0.35991379002946206
    ],
    [
      0.2127106859077343,
      -0.16170447549328953,
      0.38015295050114917,
      0.15719374905594657,
      -0.00838658501117484,
      0.3049003332863918,
      0.28490218168485015,
      0.40517352990589095,
      0.13236766747424739,
      0.059955023796067985,
      0.09606590605530535,
      2.107263286019334,
      0.23020658385157283,
      -0.07727043686063428,
      0.3294554007069167,
      0.30212894470918117,
      0.11440877420593631,
      0.22069710171999504,
      0.20836401248878744,
      0.6374490032767454,
      0.21454399035440516,
      0.11890818449083843,
      0.0674308880560276,
      0.1610982446334857,
      0.36919030159412003,
      0.28809597195600867,
      0.30968327281325525,
      -0.013266309935359322,
      0.09540102854363552,
      0.25461165578305
    ],
    [
      0.12295708576849654,
      0.21335196573931575,
      0.22987164396712512,
      -0.01872080250666397,
      0.13459556147636265,
      0.4836869851222736,
      0.038762697141436264,
      0.45590987300831187,
      0.1431773548110331,
      0.22427591290463825,
      0.24538388630308,
      0.23020658385157283,
      2.107263286019334,
      0.5281165400360173,
      0.0908502347938967,
      0.6650516115554398,
      0.2985686071926247,
      0.38124915317577623,
      -0.12771663293751873,
      0.02232554276438653,
      0.0213595778195364,
      0.23434788550039223,
      0.5057701590641029,
      0.4312614233939086,
      0.26652452707464525,
      0.3583932007848489,
      0.17286559074255695,
      0.27736254165420937,
      -0.14645847372161275,
      0.288103331899237
    ],
    [
      0.360359105235268,
      0.29145748755043743,
      0.13972000211417573,
      -0.033766797858203856,
      0.49873576722387525,
      0.43825533086205964,
      0.03958839551679422,
      0.18755388723603575,
      -0.01738097043638609,
      -0.20725950149421446,
      0.13240654882552216,
      -0.07727043686063428,
      0.5281165400360173,
      2.107263286019334,
      0.5997784083774195,
      0.011367119314949325,
      0.6242801352588172,
      -0.22347632867154144,
      0.3115876451882373,
      0.5739350182146328,
      0.18155105577408914,
      -0.1447715112307429,
      0.3092324973616652,
      -0.006065392254806068,
      0.07690269302110025,
      0.20395323407420318,
      -0.06351955160957096,
      0.5135116657839004,
      0.06774623895945664,
      0.2129302008053105
    ],
    [
      0.5440840310084806,
      0.10008997173726142,
      0.2262281830286862,
      0.1470637663472218,
      0.5299277128706983,
      0.17248797066767946,
      0.39921540341821316,
      0.2271981294989454,
      0.47258168900297004,
      0.306543236539246,
      0.21764067559833325,
      0.3294554007069167,
      0.0908502347938967,
      0.5997784083774195,
      2.107263286019334,
      0.34164329814943883,
      0.22727035616322128,
      -0.16610859888401586,
      0.09619242464755762,
      0.43317691243445233,
      0.18418241978847583,
      0.07714522374984745,
      0.18335716636876018,
      0.6088073733225413,
      -0.028539340835418925,
      -0.1299336997839241,
      0.4032590337995834,
      0.5601640432452499,
      0.06910260783245564,
      0.2349089888252605
    ],
    [
      0.1904655511855286,
      0.26421822872678913,
      0.16591807181342658,
      0.13882569712194665,
      0.35137708992231487,
      0.35378446552120413,
      0.028310110188635995,
      0.4387783763611479,
      -0.0771548645470097,
      0.06343905893173124,
      0.3455159343159454,
      0.30212894470918117,
      0.6650516115554398,
      0.011367119314949325,
      0.34164329814943883,
      2.107263286019334,
      0.10159419137625825,
      0.11551402499982977,
      0.5743840653163231,
      -0.22404730221937857,
      0.18231705069063792,
      0.38781354673405655,
      0.3041190377391988,
      0.18939251880419988,
      0.30286624580951305,
      0.5942049784254435,
      0.38065780618410794,
      0.11454301635730643,
      0.39977744382804686,
      0.2841622573610477
    ],
    [
      0.039913312414218916,
      0.06268209206692393,
      0.1902447623552603,
      0.02704569979960536,
      0.37263410936465624,
      0.5738742231395624,
      -0.03544019883634508,
      0.48991093277376174,
      -0.03631326108429983,
      -0.11282621570924728,
      -0.04692218202469878,
      0.11440877420593631,
      0.2985686071926247,
      0.6242801352588172,
      0.22727035616322128,
      0.10159419137625825,
      2.107263286019334,
      0.31227737402904976,
      -0.0139296810987673,
      0.31484245882395784,
      0.4918718131089528,
      0.492526502844,
      -0.136519888478302,
      0.41878134667929934,
      0.18587805800362167,
      0.2314445184496043,
      -0.031586399676293675,
      0.22869530255002812,
      0.10187530295910985,
      -0.2539507020551464
    ],
    [
      0.15478950193916963,
      -0.1317297812145578,
      0.14024767028886592,
      0.3878249292963418,
      -0.15653954979151252,
      -0.017090214218209,
      0.19770017323158082,
      0.5666305276741588,
      -0.01589279023337542,
      -0.06661305333777862,
      0.37169316729716656,
      0.22069710171999504,
      0.38124915317577623,
      -0.22347632867154144,
      -0.16610859888401586,
      0.11551402499982977,
      0.31227737402904976,
      2.107263286019334,
      0.1625187204036951,
      0.22388776150006545,
      0.41034018165804953,
      0.35103676670439743,
      0.1362027892715117,
      0.2189915874508504,
      0.14974649120794054,
      0.12662758410413139,
      0.5147760582442548,
      0.09181003339032529,
      0.3069586027171794,
      0.14733174774057756
    ],
    [
      0.024773644221672053,
      0.3384004574364524,
      0.5776857435175493,
      0.42445938144048667,
      0.3556708246876825,
      0.09400779303847323,
      0.37699703990965894,
      0.01774886642823098,
      0.005858297571811499,
      -0.13432190327144422,
      0.030123341632648515,
      0.20836401248878744,
      -0.12771663293751873,
      0.3115876451882373,
      0.09619242464755762,
      0.5743840653163231,
      -0.0139296810987673,
      0.1625187204036951,
      2.107263286019334,
      0.25487593776835893,
      0.5988795954873978,
      0.3754657159065361,
      0.17897692474009042,
      0.4013818198640978,
      0.20896151935999613,
      0.11124027736734765,
      -0.06484769214793495,
      0.20097702667139444,
      0.1592276039013048,
      0.058703636914791024
    ],
    [
      0.11644803547861543,
      -0.012061454461597232,
      0.5669699133010143,
      0.02502490111425998,
      -0.12921831098058806,
      0.2411995866309596,
      -0.03827403659783235,
      -0.2432234356314273,
      0.6435262142623863,
      -0.019606152460412918,
      0.1371227964056507,
      0.6374490032767454,
      0.02232554276438653,
      0.5739350182146328,
      0.43317691243445233,
      -0.22404730221937857,
      0.31484245882395784,
      0.22388776150006545,
      0.25487593776835893,
      2.107263286019334,
      0.38171932789244856,
      0.1403931058441673,
      0.3410428154009618,
      0.06939537153534275,
      0.18816104108193704,
      0.2918840085227763,
      0.49840194584021713,
      -0.2751255509370095,
      0.36944908210285116,
      0.12560551147085314
    ],
    [
      0.2473865349027025,
      0.4366170419847184,
      -0.03847127620217844,
      -0.135624732540073,
      0.1703131533069632,
      0.4484615621271695,
      0.2785432147908566,
      0.2994044493185341,
      -0.02794631070450515,
      -0.22662793602123676,
      0.0505466137239991,
      0.21454399035440516,
      0.0213595778195364,
      0.18155105577408914,
      0.18418241978847583,
      0.18231705069063792,
      0.4918718131089528,
      0.41034018165804953,
      0.5988795954873978,
      0.38171932789244856,
      2.107263286019334,
      0.05051011558825036,
      0.3776114806128038,
      0.3694467975619693,
      0.0274353952982217,
      0.02277691874759219,
      0.036785015314129366,
      0.15727403768810128,
      -0.03069178277809176,
      0.4569844010514067
    ],
    [
      0.6300845670289276,
      0.5151748399186231,
      0.2342292455052118,
      0.29226153134660604,
      -0.09518676795495107,
      0.0370130074322228,
      -0.06112166980460737,
      0.1057161097546056,
      0.057862278123711586,
      0.41650167929343285,
      -0.17958615351697432,
      0.11890818449083843,
      0.23434788550039223,
      -0.1447715112307429,
      0.07714522374984745,
      0.38781354673405655,
      0.492526502844,
      0.35103676670439743,
      0.3754657159065361,
      0.1403931058441673,
      0.05051011558825036,
      2.107263286019334,
      0.290973624914431,
      0.19503360071830422,
      0.6209208528503641,
      0.0769583550881387,
      0.34696799624298713,
      0.06658407991669224,
      0.06509756614571433,
      0.2554877838661137
    ],
    [
      0.25293559508954744,
      -0.10602688252115405,
      0.353926515392627,
      0.23561732168779564,
      0.24896787999633407,
      0.1266189012889311,
      0.3146385975175072,
      0.3403691193625305,
      0.6432052992582372,
      0.3681076852237066,
      0.27375361775551643,
      0.0674308880560276,
      0.5057701590641029,
      0.3092324973616652,
      0.18335716636876018,
      0.3041190377391988,
      -0.136519888478302,
      0.1362027892715117,
      0.17897692474009042,
      0.3410428154009618,
      0.3776114806128038,
      0.290973624914431,
      2.107263286019334,
      0.35317087571725114,
      0.2727689597570835,
      0.027232432773042714,
      -0.1486282156350358,
      0.3723883045408951,
      0.027092630848806587,
      0.20681303104735677
    ],
    [
      0.5269345596728192,
      0.3992541259467651,
      0.23217936470926256,
      0.5482281692477555,
      0.3299283368018552,
      -0.1495276288355728,
      -0.003939747836279206,
      0.3032226386268939,
      -0.13942351915224627,
      0.550917464262945,
      -0.029791126157721504,
      0.1610982446334857,
      0.4312614233939086,
      -0.006065392254806068,
      0.6088073733225413,
      0.18939251880419988,
      0.41878134667929934,
      0.2189915874508504,
      0.4013818198640978,
      0.06939537153534275,
      0.3694467975619693,
      0.19503360071830422,
      0.35317087571725114,
      2.107263286019334,
      -0.0006089675324041921,
      -0.07511645939289824,
      -0.126931845836166,
      0.048497498327022825,
      0.2836810175264829,
      0.23637103657968078
    ],
    [
      0.0752391449414605,
      0.1546730666224941,
      0.21347584234466582,
      0.052926773558896134,
      0.4455762421095808,
      0.5966370802122379,
      0.09309642483683511,
      0.47777942419469066,
      0.01230862356857132,
      0.4002592250817063,
      0.558713689542427,
      0.36919030159412003,
      0.26652452707464525,
      0.07690269302110025,
      -0.028539340835418925,
      0.30286624580951305,
      0.18587805800362167,
      0.14974649120794054,
      0.20896151935999613,
      0.18816104108193704,
      0.0274353952982217,
      0.6209208528503641,
      0.2727689597570835,
      -0.0006089675324041921,
      2.107263286019334,
      0.20371494639985657,
      0.1407382633188376,
      0.11453809036259516,
      0.532237943610088,
      0.040284430316697706
    ],
    [
      0.3995819308260308,
      0.02804245774537334,
      -0.08488679825795464,
      0.018492323965715596,
      0.3995048292976706,
      -0.15545290983287302,
      0.21359320180603933,
      0.14131962732426473,
      0.06889268121627368,
      -0.23536645913114418,
      0.1870012789524237,
      0.28809597195600867,
      0.3583932007848489,
      0.20395323407420318,
      -0.1299336997839241,
      0.5942049784254435,
      0.2314445184496043,
      0.12662758410413139,
      0.11124027736734765,
      0.2918840085227763,
      0.02277691874759219,
      0.0769583550881387,
      0.027232432773042714,
      -0.07511645939289824,
      0.20371494639985657,
      2.107263286019334,
      0.47592093424365345,
      0.4782468981074416,
      0.013989769847608247,
      0.12296755073945759
    ],
    [
      0.015221359962939163,
      0.0936653827817196,
      0.48851037321563195,
      -0.18043323245185727,
      0.020917021822248083,
      -0.06596240192286307,
      0.30879022490448305,
      0.380363907386555,
      0.2460958973068789,
      0.11174573854959469,
      0.10551442629876823,
      0.30968327281325525,
      0.17286559074255695,
      -0.06351955160957096,
      0.4032590337995834,
      0.38065780618410794,
      -0.031586399676293675,
      0.5147760582442548,
      -0.06484769214793495,
      0.49840194584021713,
      0.036785015314129366,
      0.34696799624298713,
      -0.1486282156350358,
      -0.126931845836166,
      0.1407382633188376,
      0.47592093424365345,
      2.107263286019334,
      0.6002246299039098,
      0.04414521495370244,
      0.14179246824192993
    ],
    [
      0.10387862868655989,
      0.0043997925744472255,
      0.5806166509803105,
      0.4432496052624507,
      0.32328829363388023,
      0.25443164260491047,
      0.32040418424856965,
      0.20072675870008605,
      0.042481665493223464,
      -0.05363929310259491,
      0.4200734056716946,
      -0.013266309935359322,
      0.27736254165420937,
      0.5135116657839004,
      0.5601640432452499,
      0.11454301635730643,
      0.22869530255002812,
      0.09181003339032529,
      0.20097702667139444,
      -0.2751255509370095,
      0.15727403768810128,
      0.06658407991669224,
      0.3723883045408951,
      0.048497498327022825,
      0.11453809036259516,
      0.4782468981074416,
      0.6002246299039098,
      2.107263286019334,
      -0.010266026610770695,
      0.2450069602628587
    ],
    [
      0.3231569888077863,
      0.19246058051605044,
      0.31189241353082975,
      0.390607250175965,
      0.33543167909922245,
      0.035042225351186784,
      0.27844877543762714,
      0.10627157003817433,
      0.13106655872678058,
      0.10844022147087379,
      0.3764280651897881,
      0.09540102854363552,
      -0.14645847372161275,
      0.06774623895945664,
      0.06910260783245564,
      0.39977744382804686,
      0.10187530295910985,
      0.3069586027171794,
      0.1592276039013048,
      0.36944908210285116,
      -0.03069178277809176,
      0.06509756614571433,
      0.027092630848806587,
      0.2836810175264829,
      0.532237943610088,
      0.013989769847608247,
      0.04414521495370244,
      -0.010266026610770695,
      2.107263286019334,
      0.11631250396657605
    ],
    [
      0.11072493071679396,
      0.036822995016947135,
      0.2418467823542023,
      0.10893387884486161,
      0.03823829638299886,
      0.2581107729479089,
      0.5143626754054091,
      0.12986779782234772,
      0.17248277201310308,
      0.43790215985488434,
      0.35991379002946206,
      0.25461165578305,
      0.288103331899237,
      0.2129302008053105,
      0.2349089888252605,
      0.2841622573610477,
      -0.2539507020551464,
      0.14733174774057756,
      0.058703636914791024,
      0.12560551147085314,
      0.4569844010514067,
      0.2554877838661137,
      0.20681303104735677,
      0.23637103657968078,
      0.040284430316697706,
      0.12296755073945759,
      0.14179246824192993,
      0.2450069602628587,
      0.11631250396657605,
      2.107263286019334
    ]
  ],
  "N_data": 100,
  "S0": [
    21.361240753826394,
    21.881766882971597,
    24.273731961734555,
    17.228037908410414,
    34.907550740964126,
    25.744593074607284,
    23.644309831878125,
    28.597986105634348,
    28.90743370487126,
    20.64901690846042,
    27.276533186260103,
    23.483131112777183,
    26.70465490367992,
    25.080694710718838,
    22.287817294302837,
    21.171320611716496,
    19.35249390507981,
    21.970011005683382,
    26.270257549349246,
    28.184175917942383,
    23.847630758431002,
    21.544697306792234,
    24.718017824101526,
    24.594097637783783,
    15.7234636774627,
    18.308321086557036,
    22.366593658779962,
    29.100133984720987,
    21.46621922396525,
    19.528278197335077
  ],
  "noise_variance": 0.1
}