{
  "K": 20.0,
  "T": 1.0,
  "r": 0.035,
  "sigmas": [
    0.3073865059460894,
    0.20922292953945068,
    0.16517541579371095,
    0.3069973323479655,
    0.2483483048269629,
    0.16949737451462132,
    0.3233389436759638,
    0.15924227462086493,
    0.27437451668060986,
    0.32856698730784667,
    0.17201494132484008,
    0.3246506529269739,
    0.3007374899536149,
    0.23723065376007918,
    0.33400171648562305,
    0.3343720972812422,
    0.3499884201632464,
    0.2905960863797833,
    0.20474671066409067,
    0.18361297714157443,
    0.1955031129269289,
    0.33016542648145375,
    0.2822896392083408,
    0.15923914461716052,
    0.3362601904582554,
    0.2967369910137241,
    0.15329271474754294,
    0.16809918168233295,
    0.3385715501028944,
    0.23441839713584545,
    0.16671195864430688,
    0.18179473043525768,
    0.32498961777134777,
    0.2808037949932418,
    0.3485994734626007,
    0.15509252029478504,
    0.3096385833247905,
    0.2949356520164287,
    0.30239401675652444,
    0.2748144866481328,
    0.331218467270444,
    0.33213186419230967,
    0.33676299772472584,
    0.33990409884253403,
    0.3203910521310196,
    0.25704789717116777,
    0.18128636585794633,
    0.20533395424033443,
    0.1605493148116625,
    0.20653515296531197,
    0.30982272544211464,
    0.2275998782286907,
    0.2670238600522002,
    0.17441544460112454,
    0.2874018477379926,
    0.2648759204332347,
    0.2411696845020685,
    0.29602525099491106,
    0.3013970971899271,
    0.17545577038504215,
    0.21423074888081375,
    0.322526625744751,
    0.2192436434965117,
    0.2725779373548038,
    0.3355174346205541,
    0.3285617126128438,
    0.27196236852990124,
    0.203783312534234,
    0.24532327125079056,
    0.23428849503744026,
    0.2412874856919,
    0.18816767851873423,
    0.2036027441866448,
    0.20964705762012203,
    0.3279703133157658,
    0.3412192147107026,
    0.27647479168865563,
    0.16283450179007844,
    0.28756688943773323,
    0.1993459288477721,
    0.2933986263112218,
    0.1763193758951125,
    0.2353910032479819,
    0.23373669305558523,
    0.27987434121456334,
    0.3004764092499673,
    0.2226947818034969,
    0.2363928814938732,
    0.26207150423961123,
    0.30953916910723284,
    0.244585465328413,
    0.16148342579512545,
    0.24829072652726614,
    0.2683806891233157,
    0.2462979378511651,
    0.2302724419708291,
    0.20363707009087362,
    0.25993683227046616,
    0.2663751749711312,
    0.23183542646868655
  ],
  "rho": [
    [
      4.119813383907065,
      0.47040962898928107,
      0.2387014934488531,
      0.5316399449693084,
      0.4405036091193033,
      0.19621344893318993,
      0.3036791081472031,
      0.19331160701597566,
      -0.028531908049974963,
      0.2836620180826602,
      0.04156672169900261,
      0.13219827850255694,
      0.2653143463881137,
      -0.05815320476890501,
      0.20727143050937927,
      0.293797423055652,
      0.42654509232439075,
      -0.2591423316670007,
      0.1185615584734746,
      0.3153365401701677,
      0.28921755995244536,
      0.37231164163839114,
      0.20116546458069745,
      0.12659390864545722,
      0.4759363044325664,
      0.06693099164377542,
      0.25985418242793845,
      0.13674240550163877,
      -0.012051192755366147,
      0.1299032058656518,
      -0.1943006025327348,
      -0.08993317553963048,
      -0.20528932042483505,
      0.1822514361743861,
      0.37801745434747724,
      0.2398982522404175,
      0.6276494537806565,
      -0.11476364037866965,
      -0.09971817388403265,
      0.33143896108656723,
      0.02125438178532202,
      0.5825088841784751,
      0.5822871483985549,
      0.35978238730664813,
      0.06454027781289451,
      0.22016210285917817,
      -0.08516553549046563,
      -0.1715588030234506,
      0.009867594354567688,
      0.09869717952246371,
      0.2743507621829009,
      0.1679973661268938,
      -0.27135511927818606,
      0.15933474883170778,
      0.1839781159015851,
      0.4578359116533992,
      0.2466316149674024,
      0.41544770645068474,
      0.1904733397915112,
      0.5683184150319548,
      0.40082817061416254,
      -0.24345273796915595,
      0.20110392815794959,
      0.3880110469055449,
      0.09271301743835542,
      0.2632241548155876,
      0.18009549945865558,
      0.047032981445109034,
      0.1640341466782699,
      0.15217288566540077,
      -0.03621287652172339,
      0.025534380633970843,
      0.06479653848132283,
      0.19561122496893507,
      0.06646489605595729,
      0.25878314962408755,
      0.5271981539797582,
      0.3423382020096455,
      0.0740912182821265,
      0.20252308508707725,
      0.1396718880022213,
      0.26365500815495413,
      0.5643523214015808,
      0.33903004515883367,
      0.22270374254625883,
      -0.024845617851247004,
      0.15218676762403463,
      0.09143158681880409,
      0.09629956090728159,
      -0.04604277933010115,
      0.572418029145348,
      0.2236197924699546,
      0.2506700324998381,
      0.4570807229740831,
      0.34478093766846574,
      0.5972659049319534,
      0.2711175328813084,
      0.11839349732210258,
      0.11164348701268056,
      0.10923996568624139
    ],
    [
      0.47040962898928107,
      4.119813383907065,
      -0.13584404277244455,
      0.3860955316581368,
      0.3258034785165417,
      0.18732090233576348,
      0.17143965709510428,
      0.2191492603382987,
      0.5161092492187642,
      -0.0195707279868087,
      0.2479717387430944,
      0.2894898432516853,
      -0.05271386920259674,
      0.28289511275961,
      0.23051785513073397,
      -0.1588572486385204,
      0.5145038243973774,
      0.3693862785645393,
      0.14679334358392104,
      0.44067507178176246,
      -0.08624600530980198,
      -0.2698401331639263,
      0.4722216879845448,
      0.2068240571420784,
      0.23835215312080488,
      0.0760971342284551,
      -0.12738878330136977,
      0.25092505384774577,
      -0.008093722540641834,
      0.06798373771208804,
      -0.022747899363101898,
      0.2739962684491033,
      0.20636695750555692,
      -0.10817498074328907,
      0.6212715321705031,
      0.22266484783603416,
      -0.021418365715224152,
      0.6094057217568801,
      0.3852925394750619,
      0.025801487727770855,
      0.06227719918296415,
      -0.014025520803806368,
      0.45876006060774444,
      -0.025167393464947563,
      -0.10769088420504302,
      0.19451700531855637,
      0.06134359796031702,
      0.04614658595029908,
      0.17486564701869164,
      -0.14289194586936083,
      0.28648577340406167,
      0.4439610563391694,
      0.4348594753792311,
      0.3473112133181234,
      0.5363294228422264,
      0.3056584726309885,
      -0.08517818906985608,
      0.6852459454233821,
      -0.20063818564375147,
      0.09434878063011909,
      0.3749009631542444,
      -0.03938831969447004,
      -0.02107023695585175,
      -0.005528375103443839,
      -0.21455478277226325,
      0.008997665089753804,
      0.08918096834295286,
      0.5194936629799612,
      0.24653386110422434,
      0.6255329512135398,
      -0.12889160144419237,
      -0.16861143704632026,
      0.4212024495221085,
      0.03367157999446463,
      -0.023630656848456333,
      0.14564765770681265,
      0.25506975047825126,
      -0.1301676702001195,
      0.6661531869969417,
      0.17815189707072668,
      -0.033589188252425406,
      0.08669889083344556,
      -0.16361391794066982,
      0.532070592560143,
      0.3200122059413891,
      0.08130982931944508,
      0.008229264853980123,
      0.4139774933100423,
      0.24314299989098914,
      0.6747396337078179,
      0.07703503234827336,
      0.08082239523885987,
      0.34233164554238615,
      0.3265059082467312,
      0.34512096360723743,
      0.2465056727263617,
      0.49740261180656986,
      0.6308486919613308,
      0.3205092316151139,
      -0.010737173440032943
    ],
    [
      0.2387014934488531,
      -0.13584404277244455,
      4.119813383907065,
      -0.137696466931643,
      0.13132552842661852,
      0.09355136979875905,
      0.47573530537353925,
      -0.13752643530224623,
      0.17319878746591924,
      -0.0049623203623155865,
      0.5775777294245839,
      0.34460586349209876,
      0.2857086918895557,
      0.38878220848790734,
      0.35177775892679003,
      0.5647162375857515,
      0.4009389910100759,
      0.405640639896909,
      0.54711480735881,
      0.3029341774492551,
      0.015088942255546245,
      0.1510508944846076,
      -0.17105535782026304,
      -0.12475279263448852,
      0.2783426175165082,
      0.2349834183534705,
      0.5653629298139959,
      0.20441572465245292,
      0.2408328468274361,
      0.06780011940879632,
      0.2229836846491162,
      0.05761746778629656,
      0.1874027758527697,
      0.36124726596391443,
      0.28702653055121685,
      0.009397096832866603,
      0.09563822763754576,
      0.4740653263322002,
      0.2868700199789841,
      0.22662193289509805,
      -0.25271945720252975,
      0.2885026640849113,
      0.5280150511238766,
      -0.15398170385914006,
      0.2626412131235294,
      0.34929230655017024,
      0.42477468297646126,
      0.5569690233269526,
      -0.26334233736101,
      0.10172448918383398,
      0.1141772437352696,
      0.42174246349343236,
      0.04319351730228965,
      0.6646559626226528,
      0.33837713706050987,
      -0.11539097193304154,
      -0.09256941904983451,
      0.06861545442198519,
      0.22148078899687665,
      -0.003441653068326167,
      0.37584842992796386,
      0.27480509487216714,
      0.6875071331288549,
      0.4849918044424779,
      0.17657181753879764,
      0.47620757827162397,
      0.2657308521858819,
      0.12662415409345928,
      0.32242461508566916,
      0.4225143874292522,
      0.2487563816535585,
      0.5126369279908196,
      0.17520464413304287,
      0.330359083083938,
      -0.09769360622824885,
      0.28793291214192784,
      0.19070514631250732,
      -0.25917297193546973,
      0.1658213596992298,
      0.2514873141264535,
      -0.023025494611332242,
      0.04549051498184009,
      0.057729460113419784,
      0.4086706515838846,
      0.6501006357393528,
      0.31521075023504763,
      0.07351087509183235,
      0.014735777701465447,
      0.07309976939063284,
      0.2563643984028604,
      0.3668103598154492,
      0.22231232309249066,
      0.3295362134460875,
      0.5611095341517011,
      -0.0935313413610327,
      0.4962189378388179,
      -0.042084082119326016,
      0.3043217536213163,
      -0.044162386903101036,
      0.2858135474876168
    ],
    [
      0.5316399449693084,
      0.3860955316581368,
      -0.137696466931643,
      4.119813383907065,
      0.4946444864697218,
      -0.09428666004117581,
      0.4771957611457187,
      0.12906632240929378,
      0.22184028342839907,
      0.4954634300674159,
      0.1967037125300957,
      0.3198404667701647,
      0.33057581708872436,
      0.11495998766747706,
      -0.01467553383196557,
      -0.22143910261021305,
      0.3963554361258882,
      0.1858793162888008,
      -0.23317826929151925,
      0.29481047298824076,
      0.1324277783831554,
      0.36106739592154424,
      0.1445477449114541,
      0.20983493284039195,
      0.23169027355844887,
      0.21130233418623523,
      0.19454279744571423,
      -0.159884259943799,
      0.23380228280782522,
      -0.05297986345023331,
      -0.03714977576638184,
      0.09883325591465003,
      0.16022712317740972,
      0.025576232083643513,
      0.1059072932078936,
      0.2549582762626631,
      -0.053481824434183034,
      0.1847690199529676,
      0.45489800788068,
      0.3569647385999689,
      0.40353690232843376,
      0.060706638448582595,
      0.45445938765054317,
      0.2933294609656917,
      0.0931942092219114,
      -0.11500048685729286,
      0.08605986602237808,
      0.6644793006851348,
      0.026720233833719853,
      0.3314616933424591,
      -0.27768199803452714,
      0.025960371048511455,
      0.15432310948887845,
      0.1311374557649045,
      0.15690035252597062,
      0.17687467354661746,
      0.2996896900940944,
      0.2828815260683489,
      0.055927962887756144,
      -0.23145560784281505,
      -0.18675584649641858,
      0.3123908501884113,
      0.35162890291800364,
      0.19422191254611418,
      0.10738200260184233,
      0.48327614758718485,
      0.4805489232722979,
      -0.050754679403485325,
      0.2184599176289561,
      0.2764105439803202,
      0.4762399121645582,
      0.15423300734909506,
      0.05600690114363982,
      0.11922620386946242,
      0.2887067944996848,
      0.15691711811916692,
      0.38651519552335306,
      0.5371049093152044,
      0.3344408291004518,
      0.0330855855765802,
      0.16551233630751405,
      0.16270146236293845,
      0.3934308612887566,
      0.17391698065097616,
      0.3751910350380012,
      0.05551435614668354,
      0.2862302117702451,
      0.18756031418863722,
      0.370822987753822,
      0.4167304639750996,
      0.3459211393756293,
      0.40282533026676737,
      -0.042724339166225755,
      0.16609566533701678,
      0.14863410350782474,
      0.2595457272909206,
      -0.009333915760956268,
      0.11382678134746593,
      0.5788426771101077,
      0.2585547594099421
    ],
    [
      0.4405036091193033,
      0.3258034785165417,
      0.13132552842661852,
      0.4946444864697218,
      4.119813383907065,
      0.18658458954051407,
      0.3027569269999133,
      0.5080906306470286,
      0.06297856086025633,
      0.1690210864253496,
      0.22693785684960333,
      0.21598550989041296,
      0.1714039559844508,
      0.5321982902997315,
      0.16452529821046877,
      -0.00917494082466136,
      0.6619261831214196,
      0.21551700966379567,
      0.0878479794132318,
      0.2434697306149355,
      -0.07826763083416621,
      -0.15536526084964397,
      -0.04817262826107804,
      0.1658158105040125,
      0.49912982626129165,
      0.4096112078881598,
      0.601957920424658,
      0.2769768299002285,
      0.2782022083524322,
      0.5196966100434893,
      0.30450143124396023,
      -0.036785535523033486,
      0.3281115445070677,
      0.4943632198693976,
      0.38228618102755957,
      0.21750426605148881,
      0.43984670550702853,
      0.5368431733535484,
      0.5332846714304899,
      0.41441567860110956,
      0.3444534887141889,
      0.4292025619967206,
      -0.017449410819281863,
      0.32813217465934913,
      -0.15604750370794607,
      0.2151597482772548,
      -0.20386611498284896,
      0.4323665453098262,
      0.40386846674426824,
      0.18655882554902753,
      0.2151043556189837,
      -0.1151641024017172,
      0.031497193730916195,
      0.13679550365742746,
      0.18303733010122397,
      0.2164995520899062,
      0.10042663013854936,
      0.16216355823167555,
      0.06982439484028424,
      0.5236955312692007,
      0.3762355412691105,
      0.15632061419903925,
      0.4362249960184017,
      0.2726627569255952,
      0.07753285091722245,
      0.052382988159943966,
      -0.04408131212959776,
      0.24278774230873812,
      0.33376198775364985,
      0.04720203466241385,
      0.22935335034447646,
      0.26309149550357896,
      0.6070367938850577,
      0.6395899096403127,
      -0.017436045882002038,
      0.03510878272695295,
      0.39437089670389347,
      0.32627453498283,
      -0.045332965470809006,
      0.14013134762122686,
      0.2191437047635034,
      0.23559615566323353,
      -0.024591900871846817,
      0.44233593042744546,
      0.22378825443991077,
      0.028097573325901737,
      0.4447294297906589,
      0.4118154588294556,
      0.3247764511742426,
      0.1298431753670105,
      0.3747539300237609,
      0.595084844956137,
      0.5722315201116973,
      0.3163666042508399,
      0.3084226463809302,
      0.43462679995133946,
      0.2304526253349631,
      0.12147772471143248,
      -0.047835755187880746,
      0.21640041062620607
    ],
    [
      0.19621344893318993,
      0.18732090233576348,
      0.09355136979875905,
      -0.09428666004117581,
      0.18658458954051407,
      4.119813383907065,
      0.2700976807477623,
      0.12684713591761343,
      0.2678968154852365,
      0.23202267640384205,
      0.5840249878745121,
      0.15607418787324068,
      0.21200290085499857,
      0.21247086483152566,
      -0.029852067303977714,
      -0.11156572537710191,
      0.23694508235918296,
      0.3660988938157602,
      0.26445016347498695,
      0.3094562669109028,
      0.21342770929957894,
      0.47770913097677614,
      0.44784334120422875,
      0.3485581938291895,
      0.13814067165401828,
      -0.08639820644735569,
      0.19431165362491856,
      0.46443316861714934,
      -0.18407685771260002,
      0.3402470657806944,
      0.19091126402587996,
      0.12027360090402267,
      0.0025426661963560138,
      0.4398471337785895,
      0.1473345357377237,
      0.2021238023430098,
      0.016515790209546133,
      0.2900335775051708,
      0.41964636230799707,
      0.1823738641195965,
      -0.16704466513465754,
      -0.06536519752945658,
      0.3874706872135279,
      0.1818669509970449,
      0.10212535769395081,
      0.2572712626942507,
      0.22277250223472156,
      0.536988873708112,
      0.3417849636159882,
      0.11704870732063882,
      0.09506263952668254,
      0.1487579730117322,
      0.19522547292754686,
      0.14398891712349027,
      0.4785742112280126,
      -0.2625387074044243,
      0.548017366363749,
      0.20652048351705735,
      0.20968778054743106,
      0.0821466740001428,
      0.37955089789754803,
      -0.015812825276385667,
      0.4127573452097223,
      0.19229100912921138,
      0.2585439313186867,
      0.3007791217911068,
      0.18891057268695413,
      0.23194313155381688,
      0.3146916251720162,
      0.3175111698704257,
      -0.18433467748604587,
      0.07344747438969934,
      0.03455382380659611,
      0.32335467459117806,
      0.21143347794268566,
      0.12482517371481072,
      0.07833622677525609,
      0.06614326979017227,
      0.297535455430307,
      -0.09751645640362233,
      -0.14041206408344026,
      0.6885821284787524,
      0.14225510685882853,
      0.021926179320384043,
      0.1834343269197316,
      0.1313618391516474,
      0.1866201541047592,
      0.15013795150954024,
      0.3226834436330145,
      0.45545907131794605,
      -0.08812112007127204,
      -0.013572962422912282,
      0.25654310486594245,
      0.32642270906992515,
      0.06347131091759906,
      0.3755541582978459,
      -0.14706537675414488,
      0.16454888534653409,
      0.40702826254274793,
      0.085894835517836
    ],
    [
      0.3036791081472031,
      0.17143965709510428,
      0.47573530537353925,
      0.4771957611457187,
      0.3027569269999133,
      0.2700976807477623,
      4.119813383907065,
      -0.05724542604889271,
      0.028406530937016228,
      -0.06617664073413937,
      0.3175173246091785,
      0.6142536154074262,
      0.6766820530422949,
      0.6593758067194768,
      0.19285235657756233,
      0.02811923658616794,
      -0.056990416431533075,
      0.5395019656231925,
      0.3895047088374103,
      0.5036594437958655,
      0.1979569637457092,
      -0.12322196444343514,
      0.19291349788767986,
      0.016585422037586006,
      0.2580999020783953,
      0.6442372687126481,
      -0.027522992440692895,
      0.1207834967380712,
      0.4211053722326201,
      0.4453517803972016,
      0.45594712034745044,
      0.17002086220627735,
      0.24254904774288097,
      0.28194547941648007,
      0.509360260009179,
      0.19048224653560425,
      0.2837505577223388,
      -0.10459519391443611,
      0.3382066473704133,
      0.16008815902147056,
      0.07920296951009115,
      0.20864341402754547,
      0.4133705199712693,
      0.1276076338027411,
      0.14622796196152715,
      0.12827639800351348,
      0.2218745474426602,
      -0.07703369946443811,
      -0.08253944172567274,
      0.08520317541092637,
      0.20113763350133357,
      0.18211486972264185,
      0.2868179389851475,
      0.37647289387801364,
      0.3126252100938888,
      0.19314809266416816,
      -0.11287137725795976,
      0.3310425697524753,
      0.36380411087466114,
      0.22595947106454292,
      0.467149105607657,
      0.07820463111340165,
      0.2675337523610114,
      0.210860430228837,
      0.2489823630449062,
      0.06665523100965598,
      0.14831461040132998,
      0.3139444922711321,
      0.3249620086877426,
      0.18119464529074242,
      -0.06657814782301902,
      0.5741134279771817,
      0.34915783032553094,
      0.1973986641815908,
      0.2714992903374732,
      -0.19206386882600607,
      0.0030721582333647635,
      0.13622520348955902,
      0.3496128473822238,
      0.038354766417063535,
      -0.02493075450562715,
      -0.034580705345106044,
      0.3998956746243546,
      0.16844217365950473,
      0.12298677834637461,
      0.45383310173582647,
      -0.02253903083000669,
      -0.18465369265973375,
      0.6155459320895966,
      0.5245985456599148,
      -0.056599005001143954,
      0.24542269946941764,
      0.33742058268174957,
      0.14429843448414925,
      0.2935992099545185,
      0.3064974392953821,
      0.3185770537194905,
      -0.16438326131010017,
      -0.2508923610172422,
      0.5269524100081603
    ],
    [
      0.19331160701597566,
      0.2191492603382987,
      -0.13752643530224623,
      0.12906632240929378,
      0.5080906306470286,
      0.12684713591761343,
      -0.05724542604889271,
      4.119813383907065,
      0.051802825037980726,
      0.27113744230889114,
      0.19755738949013663,
      0.1090817170332638,
      0.13496687933828427,
      0.2681981966057321,
      0.3379153170889481,
      0.27541616940631986,
      0.30281481931922916,
      0.09684194963370613,
      0.16074475341785516,
      0.18539056936384934,
      0.3723491973712444,
      0.369045714595812,
      0.1546007746840616,
      0.24298476416457282,
      0.4939139191172963,
      0.26612423624760867,
      -0.02061915010038351,
      -0.018264633071656877,
      0.11883512372358934,
      0.46315889697716417,
      0.24359702289952606,
      0.23567124533358044,
      0.09406751005609815,
      0.22585014521027444,
      0.3310434124469138,
      0.1268608279242095,
      0.4963584615914671,
      0.24475524747079871,
      0.16704973174290638,
      0.2504360252818084,
      0.38300240528912344,
      0.003978509465146718,
      0.18170483249791264,
      -0.0749585102697436,
      -0.23308674007571256,
      0.22565506093766852,
      0.3648682956358727,
      0.21252878969634573,
      0.4596290897389248,
      0.18171988249440177,
      0.026012328888574354,
      0.45242759588218584,
      0.19406200455331749,
      0.07032827754085191,
      0.2934793984842462,
      0.3388972540092451,
      0.16552638715152843,
      0.2702086380366818,
      0.39732327860987937,
      0.21722691757504822,
      0.0907024182620772,
      -0.13240782465506745,
      0.0285063222784932,
      0.2835773831351101,
      0.12489126622685603,
      0.04840302512422845,
      0.3816083726108003,
      0.3435846139526494,
      0.04113902827634147,
      0.33985615765101906,
      -0.018921827629283072,
      0.30326247890744623,
      0.2130188163960942,
      0.16898593561899983,
      0.38053257852027206,
      0.29328758364717306,
      0.357693142106139,
      0.3086014417398288,
      0.24682038122698283,
      0.34645448490190056,
      -0.11433341463372043,
      0.0945241942365837,
      0.17775049108579846,
      -0.005616578415004736,
      -0.05991924021129069,
      0.21490336636261986,
      0.3345532490485814,
      0.3128346965917893,
      -0.0029921260005055794,
      0.21269413269575824,
      -0.0529399804654051,
      -0.10228873721414489,
      -0.047801983656427016,
      0.29253209553605286,
      0.2805958603747605,
      0.35437181894082315,
      0.6064900711031683,
      -0.16784740272890636,
      0.3736310200188392,
      0.40469797688829795
    ],
    [
      -0.028531908049974963,
      0.5161092492187642,
      0.17319878746591924,
      0.22184028342839907,
      0.06297856086025633,
      0.2678968154852365,
      0.028406530937016228,
      0.051802825037980726,
      4.119813383907065,
      0.16777454796324381,
      0.531233747242289,
      -0.05789816180021096,
      0.43907788313538354,
      0.16911611596416207,
      -0.21231559048628662,
      0.5996228050942527,
      0.5837892097799156,
      0.10523308437853407,
      0.18719354681147637,
      0.08006050451607627,
      0.2854317153789703,
      0.16210221230609773,
      -0.25439914141304243,
      -0.0858598218357784,
      0.2695886752261806,
      0.17992084456425406,
      0.09693319975491232,
      0.07296045796687628,
      0.04610838774777337,
      0.3567518406366782,
      0.07045564506053686,
      0.38147077518685135,
      0.3094021064844604,
      0.3604848474437262,
      0.32035132762112417,
      0.2659119757032129,
      -0.03666781512542783,
      -0.020168387864029302,
      0.28574459972281185,
      -0.10207041532207256,
      0.18067973090114833,
      0.03263660791139855,
      0.308005481935534,
      0.36858884568297184,
      0.313393755284223,
      -0.011821250899587799,
      0.5824575914481427,
      -0.08571554721135166,
      0.26748159563321683,
      0.5077847265594966,
      0.16116159986967776,
      0.1136743019772744,
      0.5444396922818583,
      0.1410419953086091,
      0.10175239826084109,
      0.35893842075786064,
      -0.14188457963263057,
      0.3984164405789845,
      0.22103793925410534,
      0.046216396990642006,
      -0.04292691115462055,
      0.33193909644522474,
      -0.22564313661258562,
      -0.0003997538027182279,
      0.0694704890582521,
      0.1988831516014476,
      0.24262278517140018,
      0.37637696147428173,
      0.09037252893989528,
      -0.1407317659850078,
      0.01994441213489223,
      0.09159228741514214,
      -0.16524762918057517,
      0.0230038844753081,
      0.29636637009644906,
      0.21588288131691705,
      -0.19646463368920808,
      0.19826637583884432,
      -0.08895893561290608,
      0.5069151494704177,
      -0.1290189861888918,
      0.38434138401715423,
      0.204921174509045,
      0.17845928043001524,
      0.44090473361252003,
      0.21206029827196324,
      0.5183004416090858,
      0.29712946772099047,
      -0.10241352695995137,
      0.49325124331803744,
      0.4631687464253812,
      -0.01135294869367176,
      0.20738982498768127,
      0.45735174520144783,
      0.3692680603605806,
      0.6569032161455087,
      0.601754026996137,
      0.307110403065434,
      0.32712112377848546,
      0.12281773255217354
    ],
    [
      0.2836620180826602,
      -0.0195707279868087,
      -0.0049623203623155865,
      0.4954634300674159,
      0.1690210864253496,
      0.23202267640384205,
      -0.06617664073413937,
      0.27113744230889114,
      0.16777454796324381,
      4.119813383907065,
      0.505022411567453,
      0.37441501103594177,
      0.05789939048661247,
      0.48259062014087095,
      -0.029977585759900505,
      0.5498930773651427,
      -0.14070023535893228,
      0.2353543236769044,
      0.4669043051330136,
      -0.014096446139175378,
      0.23338349647140572,
      0.07599050355125009,
      0.3327007840692743,
      0.13291071999202825,
      0.258525641030877,
      0.4473803904504098,
      0.6493664386516704,
      0.3499488874599823,
      0.07516249166756994,
      0.23645596461635376,
      0.08366593317702425,
      0.2492003572694987,
      0.30441659564556633,
      0.16401522437155291,
      -0.006211091998348017,
      0.3375674968876968,
      -0.03818014520731061,
      0.14215920277922248,
      0.308918653691196,
      0.4118473483888948,
      -0.009858071769541399,
      0.4344544543756589,
      0.6225177013128552,
      0.27682632985634503,
      0.46174856649845464,
      0.033646834175364626,
      0.08362977844322744,
      0.20255154288489854,
      0.2845444725199263,
      0.06404476309987878,
      0.06705330873333515,
      0.056463786413757044,
      0.01581429505295301,
      -0.010166821717069896,
      0.44631647877843317,
      0.23093382105001117,
      -0.052233068049703346,
      0.42964864440254436,
      0.3807252106086245,
      0.6376323558511062,
      0.41782608500350193,
      -0.10506215664313778,
      0.5802457077340686,
      -0.027122051649682122,
      0.21198825719303732,
      -0.035234435974943024,
      -0.0012737851656642873,
      -0.025806750671347634,
      0.40454617546315497,
      0.5278246502800905,
      0.337005170473897,
      0.184159923339654,
      0.06032415749035319,
      -0.016011670947008838,
      0.11008262703924188,
      -0.12290171058646804,
      0.20011235960493506,
      -0.1584208569650537,
      0.2297369521976716,
      -0.12219857515932969,
      0.01796291209824802,
      0.1701375956800854,
      0.5137241160305865,
      0.3895687927928295,
      0.10366818741264505,
      0.6308582988841976,
      -0.02465634842892689,
      0.2398291992117492,
      -0.12876043437035112,
      0.4084383632110642,
      0.05274985689541023,
      0.2208891186113933,
      0.2553329688741241,
      0.11744507727682757,
      0.4328199318564614,
      -0.16081951101515862,
      0.10203748025797743,
      -0.07842291388986095,
      0.2461386486394767,
      0.1302600142203112
    ],
    [
      0.04156672169900261,
      0.2479717387430944,
      0.5775777294245839,
      0.1967037125300957,
      0.22693785684960333,
      0.5840249878745121,
      0.3175173246091785,
      0.19755738949013663,
      0.531233747242289,
      0.505022411567453,
      4.119813383907065,
      0.5927199418781118,
      0.14913581197445364,
      0.5569360842546046,
      -0.13271397012049402,
      0.1725324910526296,
      0.20660001708451978,
      0.21616221726644455,
      0.09711130575894322,
      0.38929771478691744,
      0.3937935578137409,
      0.1967091977421882,
      0.21903761483386786,
      0.1107436935478111,
      0.22020217751177987,
      0.4562432985190149,
      0.4314286845836119,
      0.1905174487387079,
      0.18053889289715888,
      -0.0006021233181450203,
      0.48264340390050453,
      0.48878401589289544,
      0.4491254442032767,
      0.39782271598695973,
      0.4402713237461644,
      0.3656728899594722,
      -0.040273806852709426,
      0.26567783846562587,
      -0.10531137938859653,
      0.2939695024630178,
      0.3287696481423362,
      0.06749454646601649,
      -0.14398943009522303,
      0.033240194796136435,
      -0.09284842171132807,
      0.4356674863494888,
      0.05163795761620543,
      0.1572628458879496,
      0.4439913105362978,
      0.27548054737544236,
      0.32671067514852026,
      -0.05028217741994773,
      0.19445015715845132,
      0.2894077283340296,
      0.31282669725744633,
      0.29105710088060455,
      -0.10309306033400595,
      0.1574000530962944,
      0.24315337107669002,
      0.24509225192313575,
      0.26677785961132683,
      0.06834413116867438,
      0.5762271658795427,
      -0.04023103426612423,
      -0.19632771245530306,
      0.34841921543328047,
      0.26328021518940925,
      0.45761839203204036,
      -0.10596006641357508,
      0.3106263912701959,
      0.5553202638415484,
      -0.11620580037878298,
      0.6095693726275173,
      0.19078561028779825,
      0.006487538916817692,
      0.26338816422858047,
      0.10783945372079606,
      0.372674177880843,
      0.417586768193423,
      0.24563058922171496,
      -0.08628149151391279,
      -0.05766860877261265,
      -0.062017241753866914,
      -0.1423347751199857,
      0.08395757706909623,
      0.5774717403536844,
      0.436882126187915,
      0.2579305320886086,
      0.6146726513244123,
      -0.0033980619802648215,
      0.20182264669007455,
      0.47804764242666975,
      -0.002028472728862918,
      -0.08555357518182838,
      0.14572181142589372,
      0.11813920479074558,
      0.031719851951642064,
      0.2701576733048395,
      0.13850258121518366,
      0.5908523953971928
    ],
    [
      0.13219827850255694,
      0.2894898432516853,
      0.34460586349209876,
      0.3198404667701647,
      0.21598550989041296,
      0.15607418787324068,
      0.6142536154074262,
      0.1090817170332638,
      -0.05789816180021096,
      0.37441501103594177,
      0.5927199418781118,
      4.119813383907065,
      0.2962846234921644,
      -0.01747873425411428,
      0.1664288889797071,
      0.26570052225168195,
      0.35872028839925885,
      0.44740392506091586,
      0.3365073918073669,
      0.1736600387830203,
      0.22262084048037972,
      0.09556475567832284,
      0.030665521008257923,
      0.2654568968405778,
      0.10829056111895724,
      0.23992739420540823,
      0.03576949474527352,
      -0.05047562749358825,
      0.30852003949951673,
      0.0674598303697927,
      0.16435805834555717,
      0.48794892852122795,
      0.16063497184770298,
      0.07345831991998503,
      0.4952856753389596,
      0.31958354138981065,
      0.09750646284326286,
      0.4039354733589498,
      0.2568407783648013,
      0.5584890037197315,
      0.3291324460020397,
      0.07051316795021745,
      0.38827732214799726,
      -0.019501771975427074,
      -0.00643255221703537,
      0.19146060424004024,
      0.4038307803148682,
      0.15760072077865311,
      -0.1203741330861367,
      -0.1284293128991867,
      0.2116764845381133,
      0.011924408628583405,
      0.25313549634698584,
      -0.12520476423514548,
      0.4686910655717018,
      -0.06096985183014764,
      0.6525538475082133,
      0.4971317485564368,
      0.03343812907483579,
      0.07925660359245451,
      0.38641957078674893,
      0.2287959917378596,
      0.23744086086839628,
      0.03704807427022233,
      0.5057882094885067,
      -0.03836679401305504,
      0.6450494498163936,
      0.36450009095455593,
      0.1896041424336583,
      0.15718861248813715,
      0.09106616088420216,
      0.24135893539292097,
      0.5227545732227539,
      0.2337518438283369,
      0.3578683215350231,
      0.0431516395050478,
      -0.038419912676019075,
      0.17628054959627099,
      0.28911709158137366,
      0.5146769092091752,
      0.10622593567066535,
      0.33107411619947835,
      0.18193246728279613,
      0.22132546551701587,
      0.2657602310077203,
      0.3504477821569586,
      0.48349580175082707,
      0.09261136247736024,
      -0.1594186237002455,
      0.10960499148843705,
      0.05402257811459826,
      0.17877982542776064,
      0.37634116758251257,
      0.4068946742760583,
      0.25098320527311285,
      0.4883813902560926,
      0.4350399960583304,
      0.08973589589982311,
      0.05759202365731342,
      0.2771253750500776
    ],
    [
      0.2653143463881137,
      -0.05271386920259674,
      0.2857086918895557,
      0.33057581708872436,
      0.1714039559844508,
      0.21200290085499857,
      0.6766820530422949,
      0.13496687933828427,
      0.43907788313538354,
      0.05789939048661247,
      0.14913581197445364,
      0.2962846234921644,
      4.119813383907065,
      0.20090945688954695,
      0.3301379054728646,
      0.27580477967889344,
      -0.04935728332547351,
      0.017519834014448676,
      0.2726160287767167,
      0.4258291320563755,
      0.1683609209637757,
      0.3694165658558286,
      0.3168350456057022,
      -0.0011685393392111831,
      0.2982946356275859,
      0.10824748189353178,
      -0.07599460399344876,
      -0.05446764796314102,
      0.1478389293513726,
      0.16956211767421953,
      -0.03627798879007832,
      0.14699015076814487,
      0.0026723473116472274,
      0.03601004716442485,
      0.15136860400666408,
      0.40270252314023636,
      0.22210054861932027,
      0.10158226786449681,
      -0.1335093687506,
      0.14297960746742422,
      0.4366723187525864,
      0.19463157541031162,
      0.25626145163975955,
      0.44143819880837987,
      0.18258033467672594,
      0.22304662672553338,
      0.3593627846780726,
      0.34920950287647534,
      0.2748162529269127,
      0.3065263657468046,
      0.25296413165181036,
      0.31384870699363665,
      0.42528438552939796,
      -0.016574018134533353,
      0.21485870335313878,
      -0.08339446235564751,
      0.02314278944642406,
      0.4977432167808965,
      0.3691078520621186,
      0.12302545127187597,
      0.4143235881840359,
      0.4217503667104554,
      0.21778541533208798,
      0.43636077427044995,
      0.22896486302717603,
      0.486285725145419,
      0.552433870325859,
      -0.0907917781868629,
      0.3827734878482183,
      0.5960619163467115,
      0.44547440043776654,
      0.47295708280377746,
      0.4556191749374302,
      0.2685518503258434,
      0.05028595056807145,
      -0.007691229185405546,
      -0.10460793830109616,
      -0.0099388672556594,
      0.5771918827985969,
      0.21665799041223952,
      0.060307831101379994,
      0.44510803698179047,
      0.22058230541949536,
      0.33246349316205037,
      0.0182240935152041,
      0.38979679246618004,
      0.2625230370110423,
      0.14115390336084843,
      0.350143435694457,
      0.019452402068336205,
      0.5386197327769027,
      0.19642479737737825,
      0.06155198845215437,
      -0.1980607292371811,
      0.02556283356929462,
      0.45788845235117714,
      0.48509330198475753,
      -0.031476353940159796,
      -0.01640041412994747,
      0.5794418593311089
    ],
    [
      -0.05815320476890501,
      0.28289511275961,
      0.38878220848790734,
      0.11495998766747706,
      0.5321982902997315,
      0.21247086483152566,
      0.6593758067194768,
      0.2681981966057321,
      0.16911611596416207,
      0.48259062014087095,
      0.5569360842546046,
      -0.01747873425411428,
      0.20090945688954695,
      4.119813383907065,
      0.33749167647615275,
      0.25808686269025316,
      0.10834389261038208,
      -0.156430569397912,
      0.22298004991586334,
      0.03521640321081465,
      0.29302625787216274,
      0.17390006371701022,
      0.16265081718760435,
      0.2989540882113698,
      0.4179512230310782,
      0.44012074684150887,
      0.2859428402261363,
      0.0536144425356479,
      0.4671047803897278,
      -0.07771428151141663,
      0.14560753022170753,
      0.28845175286962504,
      0.15508379953253199,
      -0.18505198854319027,
      0.17195443856601395,
      0.2957943655951807,
      0.04965412474835662,
      -0.12499817633969162,
      0.41424014492113803,
      0.12047626494202568,
      0.25615443243833813,
      -0.05469645103306797,
      -0.19047359255501944,
      0.1236092526913134,
      0.3055563668240538,
      0.18217839220258225,
      0.2987189561354673,
      0.5462840088643554,
      0.2470154753679909,
      0.4558507650369515,
      0.02513405358811338,
      0.41825553919747627,
      0.36819104144954,
      0.14225323206078438,
      0.1394364069642482,
      0.38774667873659674,
      0.25230750924682765,
      0.15398672431443328,
      0.04888923125237693,
      0.21376350715936604,
      0.18468099867378746,
      0.20057098769199116,
      0.6081295772187403,
      0.5856899183527838,
      0.2840606445813739,
      0.3437479765386331,
      -0.12981848196440482,
      0.2158217745537017,
      0.38731388429416846,
      0.2432796797208943,
      -0.037422845318351605,
      -0.2087425082218045,
      0.06267461259193668,
      0.25778206858804015,
      0.5220266827015673,
      0.6091894270461975,
      0.31260903183107325,
      0.48214532392126497,
      0.03460945641275126,
      0.09652954889737797,
      0.19989301149046107,
      0.37728967327951757,
      0.3519246707099467,
      0.2555863032372382,
      -0.03190699188423601,
      0.10504665641116367,
      0.2729764000477015,
      0.21954978843021764,
      -0.1861023828219336,
      0.2763319629203037,
      0.37900398986713646,
      0.6023218972816274,
